-81.0523  22
-81.0523 24.7266
-80.907 25.8657
-80.556 26.4062
-80.3618 27.0361
-80.8791 27.524
-80.8984 28.0592
-81.1996 28.9621
-81.2578 29.422
-81.7291 30.016
-81.5563 30.6199
-81.4855 31.4239
-81.0261 31.9746
-80.1935 32.7364
-79.278 33.2414
-78.2163 34.0046
-77.9768 34.5773
-76.9909 35.1773
-75.957 35.5612
-76.4464 36.3319
-76.7349 37.1397
-75.6727 37.6804
-75.339 38.3303
-75.3256 38.8799
-74.7919 39.6734
-74.553 40.0934
-72.5206 40.9878
-70.6466 41.562
-70.8391 41.9359
-71.5283 42.6888
-71.0781 43.2792
-69.6347 43.9197
-67.3115 44.7859
-67.5632 45.2002
-68.3496 45.8633
-67.8285 46.4184
-68.1066 47.037
-69.0501 47.0819
-70.1868 47.2022
-70.9237 46.9139
-71.8358 47.0073
-72.8826 47.0954
-73.8878 47.0172
-74.7568 47.0485
-75.4732 47.019
-76.657 47.152
-77.7001 47.0795
-78.4117 46.9764
-79.3733 47.0904
-79.8412 47.1668
-81.3562 47.2726
-81.8072 47.1743
-83.1038 47.0558
-84.0357 46.891
-84.3062 46.3665
-84.7586 45.7737
-84.8621 45.3176
-85.6571 45.0404
-86.044 44.6232
-86.2348 44.0361
-86.3889 43.4354
-85.7834 42.6864
-86.2955 42.0127
-85.6214 41.3594
-85.6942 40.8801
-85.1553 40.2571
-85.4258 39.4605
-85.7311 38.9295
-85.8714 38.4001
-87.5114 38.2124
-88.2812 38.2926
-89.2551 37.6936
-88.6447 37.0196
-88.1773 36.359
-88.1177 35.8007
-88.3783 35.1333
-87.1696 33.9131
-87.571 32.6469
-87.1225 31.9752
-87.1924 31.3504
-87.2151 30.7596
-85.2938 30.1327
-84.4317 30.189
-83.6836 30.0841
-83.2552 29.5107
-82.2291 28.267
-82.2357 27.6702
-81.8049 27.0569
-81.4432 26.3373
-81.0523 24.7266
-81.0523  22
-140 22
-140 50
-60 50
-60 22
-81.0523  22
