TA.T56A.z -80.0311 37.0288 3.96464
TA.L42A.z -89.667 42.004 4.20506
TA.X57A.z -80.094 34.4643 3.94123
TA.M57A.z -77.128 41.3372 3.96297
TA.U51A.z -84.0165 36.3786 3.92125
TA.X47A.z -87.8571 34.5178 3.80001
TA.TIGA.z -83.5898 31.4389 3.95243
TA.F63A.z -69.1029 45.703 3.94534
TA.H46A.z -85.2034 44.5397 3.98932
TA.I63A.z -70.5809 44.0505 3.94193
TA.149A.z -86.7916 32.5983 3.81973
TA.Q52A.z -82.2669 38.9622 3.95639
TA.N60A.z -75.1 40.8704 3.98365
TA.O54A.z -80.3778 40.1821 3.92997
TA.S55A.z -80.5013 37.7724 3.87267
TA.U56A.z -80.3829 36.3472 3.96559
TA.W59A.z -78.443 35.1673 3.9768
TA.N46A.z -86.7352 40.8949 4.14752
TA.V53A.z -82.8124 35.6694 3.92947
TA.L65A.z -70.0528 42.0295 3.97268
TA.E57A.z -74.1471 46.4117 4.04078
TA.X50B.z -85.6499 34.4611 3.89627
TA.355A.z -82.8518 31.3438 4.00573
TA.L55A.z -78.4368 42.1831 3.9604
TA.I48A.z -83.7022 44.1873 3.92867
TA.G46A.z -84.8621 45.3176 3.9603
TA.L49A.z -83.7672 42.1088 3.98114
TA.P60A.z -75.6358 39.8113 3.95893
TA.I52A.z -80.177 44.068 3.9736
TA.Q55A.z -80.0812 38.9952 3.82947
TA.R55A.z -80.1195 38.2825 3.76982
TA.G41A.z -89.1816 45.2118 4.36279
TA.R49A.z -85.1714 38.2916 3.97713
TA.G55A.z -76.7187 45.2532 3.98541
TA.U46A.z -88.1773 36.359 4.27688
TA.Z53A.z -83.5713 33.2801 4.10341
TA.153A.z -83.8316 32.6499 3.96783
TA.R60A.z -76.5807 38.2684 3.94621
TA.D61A.z -70.1868 47.2022 3.95935
TA.557A.z -81.7291 30.016 3.81494
TA.P58A.z -77.3005 39.4891 3.95904
TA.P46A.z -87.2067 39.6178 3.93359
TA.H64A.z -69.2203 44.6412 3.91864
TA.U60A.z -77.1596 36.4718 3.99459
TA.Y59A.z -78.8737 33.9897 3.99902
TA.K48A.z -84.1197 42.8032 3.97498
TA.254A.z -83.2905 31.9457 3.96369
TA.O49A.z -84.3353 40.188 3.9495
TA.R47A.z -86.527 38.2957 4.27369
TA.061Z.z -80.907 25.8657 3.94214
TA.K56A.z -77.3244 42.6981 3.96611
TA.Z58A.z -79.8129 33.3349 4.02735
TA.F58A.z -73.8145 45.8663 3.96641
TA.W52A.z -83.9277 35.0935 3.91565
TA.J59A.z -74.5041 43.4647 3.97186
TA.455A.z -83.026 30.7422 3.95639
TA.P51A.z -83.0601 39.4818 3.92462
TA.Q59A.z -76.6548 38.8644 3.94552
TA.E58A.z -73.2771 46.3721 3.98286
TA.X53A.z -83.3013 34.5031 3.89828
TA.M53A.z -80.675 41.4393 3.93845
TA.L50A.z -82.8095 42.043 3.91625
TA.G59A.z -73.1809 45.0807 3.90926
TA.T60A.z -76.7349 37.1397 3.97534
TA.S58A.z -78.0511 37.6126 4.02922
TA.L46A.z -86.2955 42.0127 4.00273
TA.J61A.z -72.5535 43.3462 3.85573
TA.N48A.z -85.0271 40.8591 3.95693
TA.H42A.z -88.5311 44.5091 4.29633
TA.Q56A.z -79.1871 39.041 3.86423
TA.R50A.z -84.3274 38.2816 3.96923
TA.S45A.z -88.5804 37.6774 4.1484
TA.D48A.z -81.8072 47.1743 3.99038
TA.S51A.z -83.5935 37.6392 3.93569
TA.T51A.z -83.9454 36.9655 3.90914
TA.Y48A.z -87.1696 33.9131 3.88531
TA.N50A.z -83.1486 40.7711 3.92107
TA.L61A.z -73.5543 42.1934 3.86708
TA.E53A.z -77.6638 46.3784 3.98215
TA.L61B.z -72.6802 42.4498 3.91008
TA.D50A.z -79.8412 47.1668 3.97999
TA.351A.z -85.6036 31.2753 3.92141
TA.L59A.z -75.0426 42.1902 3.96042
TA.D46A.z -84.0357 46.891 3.9798
TA.Y57A.z -80.3915 34.017 3.99756
TA.K63A.z -71.5283 42.6888 3.96232
TA.V56A.z -80.4963 35.8097 3.98494
TA.N43A.z -89.1735 40.9394 4.22892
TA.157A.z -80.9972 32.678 3.97332
TA.253A.z -84.1294 32.0612 3.88997
TA.Z57A.z -80.7039 33.297 3.99395
TA.J54A.z -78.6392 43.2728 3.95735
TA.062Z.z -81.0523 24.7266 3.98549
TA.553A.z -84.4317 30.189 3.883
TA.450A.z -86.5863 30.8038 3.83083
TA.Y52A.z -84.0626 33.864 3.9117
TA.P54A.z -80.4796 39.602 3.8755
TA.Z49A.z -86.5311 33.1942 4.05317
TA.U52A.z -83.3671 36.3929 3.91546
TA.T45A.z -88.6447 37.0196 4.3158
TA.M62A.z -72.8939 41.4423 4.0015
TA.E44A.z -85.9214 46.6199 4.26427
TA.T58A.z -78.5338 36.9454 4.00089
TA.O51A.z -82.6056 40.147 4.00285
TA.K52A.z -80.7139 42.7805 3.93365
TA.W56A.z -80.5828 35.135 3.9745
TA.V52A.z -83.5959 35.8417 3.9598
TA.Q49A.z -84.8956 39.005 4.00164
TA.N47A.z -85.6942 40.8801 4.03502
TA.L62A.z -72.6617 42.0328 3.95621
TA.E54A.z -77.1869 46.4339 3.99255
TA.D53A.z -77.7001 47.0795 3.99739
TA.L54A.z -79.3162 42.2345 3.94978
TA.356A.z -82.1275 31.3247 4.01511
TA.Y50A.z -85.7347 33.8911 3.89386
TA.P61A.z -74.7919 39.6734 3.9914
TA.I53A.z -79.5912 43.8238 3.96755
TA.R54A.z -80.9904 38.1809 3.92346
TA.V55A.z -81.2149 35.8518 3.93988
TA.W61A.z -76.9909 35.1773 4.0431
TA.457A.z -81.5563 30.6199 3.91332
TA.V62A.z -75.957 35.5612 4.01515
TA.D62A.z -69.0501 47.0819 3.97872
TA.657A.z -81.8665 29.5852 4.00534
TA.G62A.z -70.5319 45.2186 3.9096
TA.F44A.z -86.4226 45.9737 3.89347
TA.D54A.z -76.657 47.152 4.01823
TA.T48A.z -86.3943 37.1094 3.83032
TA.M44A.z -88.0432 41.3882 3.50419
TA.X58A.z -79.3388 34.5548 3.97759
TA.H61A.z -71.9271 44.5339 3.89288
TA.N57A.z -77.5509 40.7556 3.94545
TA.H59A.z -73.6905 44.6455 3.9314
TA.E43A.z -86.9954 46.3758 4.19903
TA.R44A.z -89.0809 38.2475 3.85177
TA.O48A.z -85.1553 40.2571 4.04716
TA.K47A.z -84.9993 42.6704 3.99773
TA.257A.z -81.0261 31.9746 3.96173
TA.K57A.z -76.5163 42.7313 3.9591
TA.454A.z -83.6302 30.7145 3.96088
TA.W53A.z -83.163 35.1696 3.93459
TA.J58A.z -75.2852 43.3603 3.96915
TA.658A.z -81.2578 29.422 3.99251
TA.P50A.z -83.7988 39.6086 3.90565
TA.M54A.z -79.6647 41.5079 3.90055
TA.L53A.z -80.2598 41.9539 3.92614
TA.X56A.z -81.0319 34.4923 4.01939
TA.M66A.z -70.1353 41.259 3.90145
TA.L43A.z -88.7423 42.1833 4.14874
TA.T55A.z -80.7843 37.117 3.93456
TA.I58A.z -74.9733 43.6901 3.9782
TA.H57A.z -75.3905 44.4624 3.99598
TA.L58A.z -75.8502 42.0447 3.97157
TA.I62A.z -71.3359 43.8743 3.94972
TA.H47A.z -84.2062 44.5994 3.98119
TA.E48A.z -82.1653 46.4809 4.02366
TA.Q53A.z -81.5251 38.8586 3.9198
TA.V59A.z -78.2394 35.7649 3.99882
TA.N61A.z -74.2969 40.7519 4.0085
TA.O55A.z -79.3041 40.2076 3.93323
TA.S56A.z -79.5662 37.6771 3.83944
TA.U57A.z -79.3364 36.4319 4.07097
TA.F55A.z -76.351 45.8338 3.97549
TA.F41A.z -89.1046 45.7387 4.11117
TA.G61A.z -71.5273 45.2827 3.89505
TA.N53A.z -80.8377 40.8065 3.92306
TA.D57A.z -73.8878 47.0172 3.99399
TA.D47A.z -83.1038 47.0558 3.9952
TA.P48A.z -85.4258 39.4605 4.04175
TA.M43A.z -88.9581 41.4365 4.29236
TA.E50A.z -80.7378 46.4232 3.99502
TA.K62A.z -72.2345 42.6651 3.92269
TA.958A.z -81.7543 27.5855 3.80453
TA.J45A.z -86.3889 43.4354 4.03703
TA.857A.z -82.2291 28.267 3.89038
TA.352A.z -84.9274 31.4793 3.92242
TA.I47A.z -84.5096 44.0193 3.97687
TA.H62A.z -71.1559 44.5743 3.9426
TA.Y54A.z -82.688 33.8621 3.98224
TA.I57A.z -75.6599 43.9377 3.96845
TA.V51A.z -84.3511 35.8033 3.91384
TA.KMSC.z -81.3333 35.142 3.989
TA.150A.z -86.022 32.6067 4.0645
TA.K58A.z -75.6473 42.7633 3.97857
TA.Z52A.z -84.4176 33.1893 3.95613
TA.U49A.z -85.7796 36.5129 3.95957
TA.859A.z -80.8984 28.0592 3.92332
TA.F52A.z -79.3227 45.7951 4.03396
TA.R61A.z -75.339 38.3303 3.97503
TA.F48A.z -82.6185 45.8278 3.98753
TA.453A.z -84.3197 30.8541 3.91349
TA.P57A.z -78.0126 39.4835 3.93014
TA.P47A.z -86.2699 39.4869 4.2164
TA.H65A.z -68.2469 44.6961 3.99405
TA.U53A.z -82.5765 36.3644 3.87021
TA.M61A.z -73.7673 41.3104 4.02065
TA.W48A.z -86.9333 35.1386 3.81532
TA.S52A.z -83.0784 37.6791 3.95295
TA.T46A.z -87.8941 37.0417 4.12115
TA.E47A.z -83.2777 46.4547 4.03609
TA.W47A.z -87.5946 35.2511 4.20059
TA.O52A.z -81.8361 40.1158 3.97073
TA.W57A.z -79.9928 35.1529 3.95624
TA.U58A.z -78.5493 36.3944 4.00024
TA.E59A.z -72.5108 46.4803 3.97515
TA.Y49A.z -86.4119 33.8577 4.00413
TA.X52A.z -83.8938 34.6032 3.82962
TA.E61A.z -70.489 46.4312 3.92979
TA.G58A.z -74.054 45.1492 3.96426
TA.L47A.z -85.2021 41.9756 4.12389
TA.S59A.z -77.2942 37.762 3.94582
TA.M50A.z -83.0428 41.4035 3.91474
TA.H53A.z -78.5832 44.5736 3.99902
TA.J62A.z -71.8127 43.2262 3.94286
TA.Y58A.z -79.6665 33.9057 3.99293
TA.Q57A.z -78.4107 39.0353 3.8946
TA.R53A.z -81.9522 38.3307 3.96203
TA.N49A.z -84.1825 40.922 3.94991
TA.G43A.z -87.6861 45.2572 3.8755
TA.D49A.z -81.3562 47.2726 3.92646
TA.S44A.z -89.2551 37.6936 4.05905
TA.957A.z -82.2357 27.6702 4.08186
TA.Z51A.z -85.1747 33.3167 3.89107
TA.F51A.z -79.915 45.9284 3.98797
TA.F45A.z -85.5156 45.6837 3.97167
TA.G65A.z -67.5632 45.2002 3.97646
TA.D63A.z -68.1066 47.037 4.08002
TA.SFIN.z -87.0967 40.379 4.16504
TA.656A.z -82.5348 29.3689 3.98289
TA.554A.z -83.6836 30.0841 3.97645
TA.P44A.z -88.6209 39.4676 4.062
TA.M47A.z -85.6214 41.3594 3.97485
TA.H66A.z -67.3115 44.7859 3.99796
TA.H58A.z -74.1798 44.4176 3.97133
TA.I43A.z -88.146 43.8844 4.10934
TA.V48A.z -86.8219 35.74 3.95791
TA.Z56A.z -81.3687 33.3253 4.00975
TA.252A.z -84.7357 31.9962 3.97758
TA.154A.z -83.1066 32.6131 3.99446
TA.K54A.z -78.6908 42.6097 3.95804
TA.J49A.z -83.1389 43.36 3.98756
TA.W50A.z -85.3119 35.2002 3.93217
TA.J57A.z -75.9968 43.4099 3.95517
TA.P53A.z -81.3896 39.4868 3.97132
TA.P43A.z -89.5213 39.6409 4.11364
TA.349A.z -87.1924 31.3504 4.03919
TA.G57A.z -74.9855 45.1036 3.96791
TA.X55A.z -81.6336 34.4701 4.00891
TA.M49A.z -83.9752 41.4745 4.01117
TA.059A.z -81.144 26.9671 3.9253
TA.T54A.z -81.5762 37.0608 3.94602
TA.L44A.z -87.9119 42.1782 4.11276
TA.M55A.z -78.7649 41.4686 3.93394
TA.Y60A.z -78.2163 34.0046 4.0479
TA.060Z.z -80.556 26.4062 3.96404
TA.H56A.z -76.2594 44.593 3.98424
TA.M65A.z -70.6466 41.562 3.97194
TA.059Z.z -81.4432 26.3373 3.92511
TA.Q50A.z -83.979 38.8436 3.88884
TA.I61A.z -72.2087 43.9323 3.90594
TA.S47A.z -86.8779 37.5946 3.82528
TA.N62A.z -73.4677 40.9313 4.07678
TA.J48A.z -83.7849 43.2986 3.96431
TA.U54A.z -81.8204 36.5209 3.9328
TA.S57A.z -78.9536 37.7605 3.93548
TA.T53A.z -82.535 36.9823 3.89835
TA.O56A.z -78.5663 40.2683 3.93725
TA.Q48A.z -85.7311 38.9295 4.00182
TA.N56A.z -78.2953 40.9171 3.93196
TA.F42A.z -88.1347 45.7587 3.83246
TA.449A.z -87.2151 30.7596 4.16858
TA.L63A.z -71.6095 41.8631 3.91235
TA.D52A.z -78.4117 46.9764 4.02682
TA.N44A.z -88.1333 40.7953 4.34694
TA.E55A.z -76.0572 46.4538 3.96632
TA.K61A.z -73.2676 42.6695 3.858
TA.357A.z -81.4855 31.4239 3.97483
TA.J46A.z -85.6466 43.3478 4.00809
TA.S49A.z -85.2875 37.7849 3.92942
TA.X48A.z -87.0452 34.4517 4.01937
TA.Y51A.z -85.064 33.8993 3.9789
TA.T49A.z -85.5334 37.105 3.984
TA.N59A.z -75.7703 40.9168 3.92619
TA.F61A.z -70.9921 45.9743 3.91412
TA.D59A.z -71.8358 47.0073 3.97708
TA.V54A.z -81.9478 35.7771 3.91885
TA.Q43A.z -89.6991 38.941 4.03005
TA.V49A.z -85.903 35.7663 3.9474
TA.W60A.z -77.7133 35.0528 3.9798
TA.R57A.z -78.5232 38.297 3.90878
TA.858A.z -81.3616 28.2126 3.75497
TA.Z55A.z -82.1359 33.2211 3.9627
TA.K59A.z -74.8525 42.775 3.91483
TA.Y53A.z -83.5836 33.8554 3.9718
TA.251A.z -85.409 32.0929 3.79247
TA.U48A.z -86.5402 36.5107 4.1184
TA.O58A.z -76.9228 40.1231 3.96443
TA.T50A.z -84.8384 37.0204 3.9387
TA.J52A.z -80.4764 43.2407 3.9515
TA.452A.z -85.183 30.8492 3.74804
TA.F49A.z -82.0423 45.7627 3.96827
TA.O61A.z -74.553 40.0934 3.96
TA.P56A.z -78.8386 39.5044 3.86798
TA.Q61A.z -75.3256 38.8799 3.98171
TA.E42A.z -87.914 46.4301 4.26196
TA.R59A.z -77.1164 38.2005 3.933
TA.256A.z -81.8878 31.9799 3.92673
TA.158A.z -80.1935 32.7364 3.97853
TA.R45A.z -88.2812 38.2926 4.04209
TA.K46A.z -85.7834 42.6864 4.07167
TA.K50A.z -82.6231 42.7749 3.9409
TA.W54A.z -82.1859 35.0857 3.97863
TA.S60A.z -76.6535 37.7055 3.96933
TA.L64A.z -70.8391 41.9359 3.97389
TA.L56A.z -77.5591 42.1365 3.95684
TA.E56A.z -75.0341 46.5436 3.9642
TA.M51A.z -82.1831 41.3321 3.89887
TA.E60A.z -71.4469 46.3689 3.9879
TA.X51A.z -84.8574 34.5658 3.96707
TA.I49A.z -82.8246 43.94 3.9907
TA.H52A.z -79.8888 44.6422 4.08749
TA.L48A.z -84.4329 41.9438 4.02721
TA.J63A.z -71.0781 43.2792 3.94239
TA.Q46A.z -87.3575 39.0231 4.06007
TA.R52A.z -82.6443 38.3366 3.90932
TA.G42A.z -88.4277 45.2418 3.67463
TA.Q54A.z -80.8338 38.9836 3.91845
TA.O44A.z -88.4671 40.1526 4.33067
TA.G54A.z -78.0898 45.3979 4.01163
TA.R48A.z -85.8714 38.4001 3.82772
TA.V60A.z -77.2629 35.765 4.02515
TA.N52A.z -81.6876 40.8125 3.96422
TA.F46A.z -84.7586 45.7737 3.87771
TA.G60A.z -72.3337 45.0977 3.87936
TA.757A.z -82.0685 28.9413 4.01295
TA.S61A.z -75.6727 37.6804 3.99819
TA.D56A.z -74.7568 47.0485 3.98968
TA.655A.z -83.2552 29.5107 3.92817
TA.G47A.z -83.8551 45.173 4.0361
TA.E51A.z -79.4924 46.5333 4.03904
TA.P49A.z -84.7164 39.5342 4.01455
TA.X60A.z -77.9768 34.5773 4.01372
TA.353A.z -84.2172 31.3474 3.95349
TA.J42A.z -89.1234 43.3179 4.18874
TA.Y55A.z -81.8581 33.9375 3.98915
TA.959A.z -80.8791 27.524 4.00936
TA.H63A.z -70.0353 44.6616 3.89818
TA.M58A.z -76.4603 41.3721 3.93668
TA.I46A.z -85.4472 43.9411 4.02492
TA.V50A.z -85.1 35.6713 3.90453
TA.N55A.z -78.9862 40.7808 3.89907
TA.060A.z -80.3618 27.0361 4.05267
TA.E41A.z -88.9636 46.4643 3.5296
TA.155A.z -82.4665 32.6219 3.93766
TA.F60A.z -71.9514 45.9688 3.94151
TA.K49A.z -83.4556 42.7835 3.9704
TA.249A.z -87.1225 31.9752 4.17246
TA.Z59A.z -79.278 33.2414 4.02678
TA.K55A.z -78.0696 42.7278 3.90748
TA.J56A.z -76.8579 43.276 3.94028
TA.F59A.z -72.7833 45.8513 3.93048
TA.456A.z -82.0223 30.7248 3.93718
TA.W51A.z -84.7599 35.1606 3.92372
TA.G45A.z -85.6571 45.0404 4.0024
TA.P52A.z -82.1325 39.6337 3.99429
TA.S53A.z -82.1264 37.6815 3.93208
TA.T57A.z -79.2538 36.9983 4.01781
TA.X46A.z -88.5844 34.5564 3.95141
TA.M56A.z -78.1826 41.4837 3.9367
TA.T47A.z -87.1055 36.9881 3.78629
TA.151A.z -85.3267 32.5269 4.07559
TA.M60A.z -74.625 41.3265 3.98022
TA.F64A.z -68.3496 45.8633 3.97886
TA.E46A.z -84.3062 46.3665 3.99308
TA.E62A.z -69.5227 46.6201 4.01219
TA.H45A.z -86.044 44.6232 3.99454
TA.I64A.z -69.6347 43.9197 3.97901
TA.K42A.z -89.3457 42.7792 3.9921
TA.W46A.z -88.3783 35.1333 3.93924
TA.O43A.z -89.313 40.2856 3.88777
TA.U59A.z -77.7925 36.3526 3.98147
TA.I59A.z -73.8744 43.7957 3.96469
TA.255A.z -82.4758 31.9263 3.9988
TA.S54A.z -81.3114 37.7997 3.9425
TA.U61A.z -76.4464 36.3319 3.97711
TA.W58A.z -79.2333 35.0208 3.96996
TA.N51A.z -82.3748 40.9183 3.99146
TA.F43A.z -87.1694 45.8313 4.18281
TA.N45A.z -87.5118 40.8479 4.02812
TA.D51A.z -79.3733 47.0904 4.0614
TA.E52A.z -78.6569 46.2851 3.9937
TA.L60A.z -74.2226 41.989 3.9099
TA.S48A.z -86.0569 37.6574 4.00176
TA.350A.z -86.3353 31.4207 3.81705
TA.K60A.z -73.8886 42.6168 3.88031
TA.J47A.z -84.8214 43.2382 4.03437
TA.Y56A.z -81.3047 33.7922 3.98625
TA.X49A.z -86.326 34.5126 3.88793
TA.N58A.z -76.7158 40.8396 3.91715
TA.I45A.z -86.2348 44.0361 4.00732
TA.H48A.z -83.3249 44.7006 3.97711
TA.V57A.z -79.7758 35.8875 3.99431
TA.I51A.z -81.0231 43.8036 3.95645
TA.L57A.z -76.8492 42.0005 3.96462
TA.R56A.z -79.4031 38.4071 3.81503
TA.O53A.z -81.2129 40.2493 3.94128
TA.V47A.z -87.5205 35.8278 3.99982
TA.Q58A.z -77.682 38.9413 3.97836
TA.D58A.z -72.8826 47.0954 4.03402
TA.152A.z -84.7188 32.6686 3.93035
TA.Z50A.z -85.9226 33.254 3.82969
TA.U47A.z -87.2892 36.4413 3.87582
TA.G64A.z -68.7558 45.2527 3.92993
TA.555A.z -82.9666 30.1212 3.74624
TA.556A.z -82.4057 30.0015 3.8611
TA.D60A.z -70.9237 46.9139 3.9546
TA.P59A.z -76.4327 39.6101 3.99068
TA.M46A.z -86.3524 41.4079 4.24639
TA.P45A.z -87.7439 39.5277 3.89829
TA.I42A.z -88.9134 43.8908 4.38318
TA.U55A.z -81.0472 36.5023 3.92566
TA.M63A.z -72.0464 41.4038 3.98008
TA.E45A.z -85.1774 46.3563 3.98405
TA.R58B.z -77.8787 37.9636 3.93569
TA.R58A.z -78.0034 38.2989 3.95703
TA.K51A.z -81.5082 42.7223 3.89983
TA.T59A.z -77.5541 36.9716 3.94613
TA.O50A.z -83.6199 40.1468 3.89238
TA.U50A.z -84.8431 36.4156 3.89823
TA.058A.z -81.8049 27.0569 4.01088
TA.H43A.z -87.7704 44.4697 3.77519
TA.M48A.z -84.7171 41.4846 4.05336
TA.M52A.z -81.357 41.5405 3.97043
TA.X54A.z -82.3743 34.5474 3.98417
TA.E63A.z -68.422 46.422 3.95502
TA.M64A.z -71.2102 41.5509 3.93877
TA.H55A.z -77.183 44.5505 3.9782
TA.H41A.z -89.6534 44.6164 4.48205
TA.J60A.z -73.4212 43.2438 3.84765
TA.I60A.z -73.2916 43.844 3.89677
TA.W49A.z -86.2645 35.1194 3.94657
TA.Q45A.z -88.1565 38.8948 4.17056
TA.Q51A.z -83.3456 39.026 3.91481
TA.R51A.z -83.5834 38.3001 3.87789
TA.N63A.z -72.5206 40.9878 4.00766
TA.O47A.z -86.1742 40.2361 4.25628
TA.S46A.z -87.7153 37.6849 3.78812
TA.O57A.z -77.6354 40.2104 3.94965
TA.S50A.z -84.4003 37.679 3.9892
TA.T52A.z -82.9852 37.1076 3.96289
TA.V61A.z -76.5776 35.7912 3.975
TA.F57A.z -74.6928 45.8122 3.97122
TA.G63A.z -69.6186 45.1147 3.88166
TA.E64A.z -67.8285 46.4184 3.89444
TA.V58A.z -79.115 35.794 4.02661
TA.V46A.z -88.1177 35.8007 4.19208
TA.758A.z -81.1996 28.9621 4.09686
TA.D55A.z -75.4732 47.019 4.03281
TA.M45A.z -87.2504 41.3881 4.03481
TA.J43A.z -88.4185 43.3808 4.21445
TA.M59A.z -75.4321 41.5413 3.95667
TA.H60A.z -72.6986 44.5606 3.89293
TA.X59A.z -78.6023 34.572 3.95597
TA.I41A.z -89.8697 44.0592 3.88741
TA.I55A.z -77.6817 44.2161 3.96956
TA.F62A.z -69.9664 45.8968 3.9441
TA.N54A.z -79.9892 40.9617 3.88151
TA.156A.z -81.495 32.6542 3.97871
TA.Z54A.z -82.8417 33.2362 4.01853
TA.250A.z -86.2677 31.9778 4.00011
TA.O59A.z -76.1859 40.3114 3.94568
TA.J55A.z -77.8167 43.2657 3.94687
TA.451A.z -85.7467 30.616 4.13299
TA.552A.z -85.2938 30.1327 4.1062
TA.O60A.z -75.405 40.3177 3.96748
TA.G53A.z -78.6237 45.1222 4.01543
TA.P55A.z -79.8265 39.5078 3.85294
TA.Q60A.z -75.8429 39.0016 3.97239
