TA.T56A.z -80.0311 37.0288 4.00527
TA.Y58A.z -79.6665 33.9057 4.05705
TA.X57A.z -80.094 34.4643 4.05597
TA.M57A.z -77.128 41.3372 4.08955
TA.U51A.z -84.0165 36.3786 3.99599
TA.X47A.z -87.8571 34.5178 4.09777
TA.TIGA.z -83.5898 31.4389 4.05205
TA.F63A.z -69.1029 45.703 3.99999
TA.H46A.z -85.2034 44.5397 4.06611
TA.I63A.z -70.5809 44.0505 3.92218
TA.149A.z -86.7916 32.5983 4.1238
TA.Q52A.z -82.2669 38.9622 4.05511
TA.N60A.z -75.1 40.8704 4.04383
TA.O54A.z -80.3778 40.1821 4.02406
TA.S55A.z -80.5013 37.7724 3.97699
TA.U56A.z -80.3829 36.3472 4.0867
TA.W59A.z -78.443 35.1673 4.04046
TA.V53A.z -82.8124 35.6694 4.00028
TA.L65A.z -70.0528 42.0295 4.04668
TA.E57A.z -74.1471 46.4117 4.0888
TA.X50B.z -85.6499 34.4611 4.09658
TA.355A.z -82.8518 31.3438 3.99646
TA.L55A.z -78.4368 42.1831 3.99577
TA.I48A.z -83.7022 44.1873 4.0477
TA.G46A.z -84.8621 45.3176 4.04171
TA.L49A.z -83.7672 42.1088 4.07535
TA.P60A.z -75.6358 39.8113 4.09953
TA.I52A.z -80.177 44.068 4.0279
TA.Q55A.z -80.0812 38.9952 4.02394
TA.R55A.z -80.1195 38.2825 3.95047
TA.R49A.z -85.1714 38.2916 4.08374
TA.G55A.z -76.7187 45.2532 4.04408
TA.U46A.z -88.1773 36.359 4.29085
TA.Z53A.z -83.5713 33.2801 4.06963
TA.153A.z -83.8316 32.6499 4.0152
TA.R60A.z -76.5807 38.2684 4.03669
TA.D61A.z -70.1868 47.2022 4.08034
TA.557A.z -81.7291 30.016 3.98328
TA.P58A.z -77.3005 39.4891 4.01
TA.P46A.z -87.2067 39.6178 3.80639
TA.H64A.z -69.2203 44.6412 3.98396
TA.U60A.z -77.1596 36.4718 4.07955
TA.Y59A.z -78.8737 33.9897 3.98657
TA.K48A.z -84.1197 42.8032 4.03477
TA.F61A.z -70.9921 45.9743 3.9917
TA.O49A.z -84.3353 40.188 4.04108
TA.R47A.z -86.527 38.2957 3.96095
TA.061Z.z -80.907 25.8657 4.0556
TA.K56A.z -77.3244 42.6981 3.98825
TA.Z58A.z -79.8129 33.3349 3.98487
TA.F58A.z -73.8145 45.8663 4.10098
TA.W52A.z -83.9277 35.0935 4.00058
TA.J59A.z -74.5041 43.4647 4.03989
TA.455A.z -83.026 30.7422 3.87266
TA.P51A.z -83.0601 39.4818 3.99991
TA.Q59A.z -76.6548 38.8644 4.02769
TA.E58A.z -73.2771 46.3721 4.11313
TA.X53A.z -83.3013 34.5031 4.03535
TA.M53A.z -80.675 41.4393 4.0389
TA.L50A.z -82.8095 42.043 4.08219
TA.G59A.z -73.1809 45.0807 4.01315
TA.T60A.z -76.7349 37.1397 4.0636
TA.S58A.z -78.0511 37.6126 3.98893
TA.L46A.z -86.2955 42.0127 4.05155
TA.J61A.z -72.5535 43.3462 3.87186
TA.N48A.z -85.0271 40.8591 4.07759
TA.Q56A.z -79.1871 39.041 4.01854
TA.R50A.z -84.3274 38.2816 4.08048
TA.D48A.z -81.8072 47.1743 4.0752
TA.S51A.z -83.5935 37.6392 4.07467
TA.T51A.z -83.9454 36.9655 4.09366
TA.Y48A.z -87.1696 33.9131 4.09755
TA.N50A.z -83.1486 40.7711 3.99322
TA.L61A.z -73.5543 42.1934 4.02018
TA.E53A.z -77.6638 46.3784 4.14095
TA.L61B.z -72.6802 42.4498 3.98065
TA.D50A.z -79.8412 47.1668 4.04756
TA.351A.z -85.6036 31.2753 3.90233
TA.L59A.z -75.0426 42.1902 4.01712
TA.D46A.z -84.0357 46.891 4.00314
TA.Y57A.z -80.3915 34.017 4.03439
TA.K63A.z -71.5283 42.6888 3.97674
TA.V56A.z -80.4963 35.8097 4.03005
TA.157A.z -80.9972 32.678 4.03899
TA.253A.z -84.1294 32.0612 4.02065
TA.Z57A.z -80.7039 33.297 4.0392
TA.J54A.z -78.6392 43.2728 4.03174
TA.062Z.z -81.0523 24.7266 4.04646
TA.553A.z -84.4317 30.189 4.01184
TA.450A.z -86.5863 30.8038 3.97626
TA.Y52A.z -84.0626 33.864 4.12674
TA.P54A.z -80.4796 39.602 4.05212
TA.Z49A.z -86.5311 33.1942 4.29216
TA.U52A.z -83.3671 36.3929 3.97131
TA.T45A.z -88.6447 37.0196 4.19032
TA.V49A.z -85.903 35.7663 4.00751
TA.M62A.z -72.8939 41.4423 4.08236
TA.E44A.z -85.9214 46.6199 4.15256
TA.T58A.z -78.5338 36.9454 4.01637
TA.O51A.z -82.6056 40.147 4.00706
TA.K52A.z -80.7139 42.7805 4.04446
TA.W56A.z -80.5828 35.135 4.03311
TA.V52A.z -83.5959 35.8417 3.99033
TA.Q49A.z -84.8956 39.005 4.03503
TA.N47A.z -85.6942 40.8801 4.07721
TA.L62A.z -72.6617 42.0328 4.04023
TA.E54A.z -77.1869 46.4339 4.13435
TA.D53A.z -77.7001 47.0795 4.08853
TA.L54A.z -79.3162 42.2345 4.0118
TA.356A.z -82.1275 31.3247 3.98464
TA.Y50A.z -85.7347 33.8911 4.27775
TA.P61A.z -74.7919 39.6734 4.03409
TA.I53A.z -79.5912 43.8238 4.07616
TA.R54A.z -80.9904 38.1809 4.01561
TA.V55A.z -81.2149 35.8518 4.06947
TA.W61A.z -76.9909 35.1773 4.06006
TA.457A.z -81.5563 30.6199 4.04603
TA.V62A.z -75.957 35.5612 4.04017
TA.D62A.z -69.0501 47.0819 4.01488
TA.657A.z -81.8665 29.5852 3.67268
TA.G62A.z -70.5319 45.2186 3.99406
TA.F44A.z -86.4226 45.9737 3.99038
TA.D54A.z -76.657 47.152 4.04508
TA.T48A.z -86.3943 37.1094 3.79897
TA.X58A.z -79.3388 34.5548 4.08197
TA.H61A.z -71.9271 44.5339 3.97938
TA.N57A.z -77.5509 40.7556 4.11587
TA.H59A.z -73.6905 44.6455 4.02715
TA.O48A.z -85.1553 40.2571 4.06249
TA.K47A.z -84.9993 42.6704 4.06806
TA.257A.z -81.0261 31.9746 4.03518
TA.K57A.z -76.5163 42.7313 4.04451
TA.454A.z -83.6302 30.7145 3.96705
TA.W53A.z -83.163 35.1696 3.96615
TA.J58A.z -75.2852 43.3603 4.03229
TA.658A.z -81.2578 29.422 3.82516
TA.P50A.z -83.7988 39.6086 4.06048
TA.M54A.z -79.6647 41.5079 4.0236
TA.L53A.z -80.2598 41.9539 4.0423
TA.X56A.z -81.0319 34.4923 4.06015
TA.M66A.z -70.1353 41.259 4.17134
TA.L43A.z -88.7423 42.1833 3.94485
TA.T55A.z -80.7843 37.117 3.98234
TA.I58A.z -74.9733 43.6901 4.02387
TA.H57A.z -75.3905 44.4624 4.02615
TA.L58A.z -75.8502 42.0447 4.08644
TA.I62A.z -71.3359 43.8743 3.94002
TA.H47A.z -84.2062 44.5994 4.09115
TA.E48A.z -82.1653 46.4809 4.06949
TA.148A.z -87.571 32.6469 4.24609
TA.Q53A.z -81.5251 38.8586 4.09568
TA.S61A.z -75.6727 37.6804 4.09611
TA.N61A.z -74.2969 40.7519 4.05738
TA.O55A.z -79.3041 40.2076 4.03832
TA.S56A.z -79.5662 37.6771 3.96642
TA.U57A.z -79.3364 36.4319 4.04041
TA.F55A.z -76.351 45.8338 4.03095
TA.G61A.z -71.5273 45.2827 3.99236
TA.N53A.z -80.8377 40.8065 4.0559
TA.D57A.z -73.8878 47.0172 4.03554
TA.D47A.z -83.1038 47.0558 4.06919
TA.P48A.z -85.4258 39.4605 4.06444
TA.M43A.z -88.9581 41.4365 4.49845
TA.E50A.z -80.7378 46.4232 4.1054
TA.K62A.z -72.2345 42.6651 3.99526
TA.958A.z -81.7543 27.5855 3.81671
TA.J45A.z -86.3889 43.4354 4.07787
TA.857A.z -82.2291 28.267 4.06497
TA.352A.z -84.9274 31.4793 4.00961
TA.I47A.z -84.5096 44.0193 4.03694
TA.H62A.z -71.1559 44.5743 3.92576
TA.Y54A.z -82.688 33.8621 4.02806
TA.I57A.z -75.6599 43.9377 4.01808
TA.V51A.z -84.3511 35.8033 3.95388
TA.KMSC.z -81.3333 35.142 4.05194
TA.150A.z -86.022 32.6067 4.13051
TA.K58A.z -75.6473 42.7633 4.04117
TA.Z52A.z -84.4176 33.1893 4.00285
TA.U49A.z -85.7796 36.5129 3.99249
TA.859A.z -80.8984 28.0592 4.07061
TA.F52A.z -79.3227 45.7951 4.03973
TA.R61A.z -75.339 38.3303 4.00803
TA.F48A.z -82.6185 45.8278 4.08313
TA.453A.z -84.3197 30.8541 3.99814
TA.P57A.z -78.0126 39.4835 4.02717
TA.P47A.z -86.2699 39.4869 4.40474
TA.H65A.z -68.2469 44.6961 3.99165
TA.U53A.z -82.5765 36.3644 4.08436
TA.M61A.z -73.7673 41.3104 3.99268
TA.T50A.z -84.8384 37.0204 4.08971
TA.S52A.z -83.0784 37.6791 4.08897
TA.T46A.z -87.8941 37.0417 4.11056
TA.E47A.z -83.2777 46.4547 4.08279
TA.K43A.z -88.332 42.7044 3.77437
TA.W47A.z -87.5946 35.2511 4.08127
TA.O52A.z -81.8361 40.1158 4.06091
TA.W57A.z -79.9928 35.1529 4.05315
TA.U58A.z -78.5493 36.3944 4.01393
TA.E59A.z -72.5108 46.4803 4.09072
TA.L57A.z -76.8492 42.0005 4.0835
TA.X52A.z -83.8938 34.6032 4.02804
TA.E61A.z -70.489 46.4312 4.033
TA.G58A.z -74.054 45.1492 4.04843
TA.L47A.z -85.2021 41.9756 4.08279
TA.S59A.z -77.2942 37.762 4.03019
TA.M50A.z -83.0428 41.4035 4.07164
TA.H53A.z -78.5832 44.5736 4.05518
TA.J62A.z -71.8127 43.2262 3.94886
TA.Q47A.z -86.4261 38.9362 3.56749
TA.Q57A.z -78.4107 39.0353 4.01053
TA.R53A.z -81.9522 38.3307 4.06054
TA.N49A.z -84.1825 40.922 3.95399
TA.G43A.z -87.6861 45.2572 3.95412
TA.D49A.z -81.3562 47.2726 4.01564
TA.S44A.z -89.2551 37.6936 3.89835
TA.957A.z -82.2357 27.6702 3.7847
TA.Z51A.z -85.1747 33.3167 3.99824
TA.F51A.z -79.915 45.9284 4.05844
TA.F45A.z -85.5156 45.6837 4.0375
TA.G65A.z -67.5632 45.2002 3.98267
TA.D63A.z -68.1066 47.037 4.02652
TA.SFIN.z -87.0967 40.379 4.03921
TA.656A.z -82.5348 29.3689 3.92057
TA.554A.z -83.6836 30.0841 4.05543
TA.P44A.z -88.6209 39.4676 3.78365
TA.M47A.z -85.6214 41.3594 4.07636
TA.H66A.z -67.3115 44.7859 3.99329
TA.H58A.z -74.1798 44.4176 4.05868
TA.V48A.z -86.8219 35.74 3.94889
TA.Z56A.z -81.3687 33.3253 4.07981
TA.252A.z -84.7357 31.9962 3.99131
TA.154A.z -83.1066 32.6131 4.08766
TA.K54A.z -78.6908 42.6097 4.02234
TA.J49A.z -83.1389 43.36 4.021
TA.W50A.z -85.3119 35.2002 3.98281
TA.J57A.z -75.9968 43.4099 3.99664
TA.P53A.z -81.3896 39.4868 4.10894
TA.P43A.z -89.5213 39.6409 3.66272
TA.349A.z -87.1924 31.3504 3.80092
TA.G57A.z -74.9855 45.1036 3.99981
TA.X55A.z -81.6336 34.4701 4.01131
TA.M49A.z -83.9752 41.4745 4.06872
TA.059A.z -81.144 26.9671 3.9426
TA.T54A.z -81.5762 37.0608 4.05596
TA.L44A.z -87.9119 42.1782 4.05531
TA.M55A.z -78.7649 41.4686 3.99481
TA.Y60A.z -78.2163 34.0046 4.06177
TA.249A.z -87.1225 31.9752 4.07169
TA.H56A.z -76.2594 44.593 4.00653
TA.M65A.z -70.6466 41.562 4.08441
TA.I59A.z -73.8744 43.7957 4.00598
TA.Q50A.z -83.979 38.8436 4.11222
TA.I61A.z -72.2087 43.9323 3.89227
TA.S47A.z -86.8779 37.5946 4.01975
TA.N62A.z -73.4677 40.9313 4.11498
TA.J48A.z -83.7849 43.2986 4.01462
TA.U54A.z -81.8204 36.5209 4.06402
TA.S57A.z -78.9536 37.7605 3.95449
TA.T53A.z -82.535 36.9823 4.02403
TA.O56A.z -78.5663 40.2683 4.01846
TA.Q48A.z -85.7311 38.9295 4.04928
TA.N56A.z -78.2953 40.9171 4.08772
TA.F42A.z -88.1347 45.7587 4.3855
TA.449A.z -87.2151 30.7596 3.87941
TA.L63A.z -71.6095 41.8631 3.96715
TA.D52A.z -78.4117 46.9764 4.08963
TA.E55A.z -76.0572 46.4538 4.03843
TA.K61A.z -73.2676 42.6695 3.96874
TA.357A.z -81.4855 31.4239 4.01287
TA.J46A.z -85.6466 43.3478 4.04037
TA.S49A.z -85.2875 37.7849 3.9767
TA.X48A.z -87.0452 34.4517 4.01239
TA.Y51A.z -85.064 33.8993 4.03009
TA.T49A.z -85.5334 37.105 4.05824
TA.N59A.z -75.7703 40.9168 4.07697
TA.254A.z -83.2905 31.9457 4.03726
TA.D59A.z -71.8358 47.0073 4.0634
TA.V54A.z -81.9478 35.7771 4.04241
TA.Q43A.z -89.6991 38.941 4.06631
TA.V46A.z -88.1177 35.8007 4.16576
TA.W60A.z -77.7133 35.0528 4.04335
TA.R57A.z -78.5232 38.297 3.98253
TA.858A.z -81.3616 28.2126 3.96455
TA.Z55A.z -82.1359 33.2211 4.02226
TA.K59A.z -74.8525 42.775 3.98901
TA.Y53A.z -83.5836 33.8554 4.03311
TA.F64A.z -68.3496 45.8633 4.02107
TA.U48A.z -86.5402 36.5107 3.89404
TA.O58A.z -76.9228 40.1231 4.05599
TA.W48A.z -86.9333 35.1386 4.11668
TA.J52A.z -80.4764 43.2407 4.05492
TA.452A.z -85.183 30.8492 3.80347
TA.F49A.z -82.0423 45.7627 4.11835
TA.O61A.z -74.553 40.0934 4.09583
TA.P56A.z -78.8386 39.5044 4.07467
TA.Q61A.z -75.3256 38.8799 4.02085
TA.R59A.z -77.1164 38.2005 3.9953
TA.256A.z -81.8878 31.9799 3.98813
TA.158A.z -80.1935 32.7364 4.01764
TA.R45A.z -88.2812 38.2926 3.78986
TA.K46A.z -85.7834 42.6864 4.05255
TA.L42A.z -89.667 42.004 3.86364
TA.K50A.z -82.6231 42.7749 4.09299
TA.W54A.z -82.1859 35.0857 4.05513
TA.S60A.z -76.6535 37.7055 3.99056
TA.L64A.z -70.8391 41.9359 3.97035
TA.L56A.z -77.5591 42.1365 4.04444
TA.E56A.z -75.0341 46.5436 4.07703
TA.M51A.z -82.1831 41.3321 3.98587
TA.E60A.z -71.4469 46.3689 3.97812
TA.X51A.z -84.8574 34.5658 4.08931
TA.I49A.z -82.8246 43.94 4.0456
TA.H52A.z -79.8888 44.6422 4.06127
TA.L48A.z -84.4329 41.9438 4.08153
TA.J63A.z -71.0781 43.2792 3.97538
TA.Q46A.z -87.3575 39.0231 4.03783
TA.R52A.z -82.6443 38.3366 4.08163
TA.Q54A.z -80.8338 38.9836 4.06333
TA.O44A.z -88.4671 40.1526 4.41254
TA.G54A.z -78.0898 45.3979 4.06121
TA.R48A.z -85.8714 38.4001 4.04034
TA.V60A.z -77.2629 35.765 4.01643
TA.N52A.z -81.6876 40.8125 4.061
TA.F46A.z -84.7586 45.7737 3.74504
TA.G60A.z -72.3337 45.0977 3.98502
TA.757A.z -82.0685 28.9413 4.10306
TA.V59A.z -78.2394 35.7649 4.04678
TA.D56A.z -74.7568 47.0485 4.11177
TA.655A.z -83.2552 29.5107 4.24206
TA.G47A.z -83.8551 45.173 4.05407
TA.E51A.z -79.4924 46.5333 4.09134
TA.P49A.z -84.7164 39.5342 4.07288
TA.X60A.z -77.9768 34.5773 4.04908
TA.353A.z -84.2172 31.3474 3.96437
TA.Y55A.z -81.8581 33.9375 4.07163
TA.959A.z -80.8791 27.524 3.96567
TA.H63A.z -70.0353 44.6616 4.00689
TA.M58A.z -76.4603 41.3721 4.11271
TA.059Z.z -81.4432 26.3373 4.05568
TA.I46A.z -85.4472 43.9411 4.06158
TA.V50A.z -85.1 35.6713 3.98562
TA.N55A.z -78.9862 40.7808 3.9966
TA.060A.z -80.3618 27.0361 4.04794
TA.E41A.z -88.9636 46.4643 4.28989
TA.155A.z -82.4665 32.6219 4.11222
TA.F60A.z -71.9514 45.9688 4.02974
TA.R46A.z -87.5114 38.2124 4.49869
TA.K49A.z -83.4556 42.7835 4.0242
TA.060Z.z -80.556 26.4062 3.94748
TA.Z59A.z -79.278 33.2414 3.98721
TA.K55A.z -78.0696 42.7278 4.02395
TA.J56A.z -76.8579 43.276 4.01838
TA.F59A.z -72.7833 45.8513 4.03021
TA.456A.z -82.0223 30.7248 3.96794
TA.W51A.z -84.7599 35.1606 3.91573
TA.G45A.z -85.6571 45.0404 4.00149
TA.P52A.z -82.1325 39.6337 4.0531
TA.S53A.z -82.1264 37.6815 4.00352
TA.T57A.z -79.2538 36.9983 3.95903
TA.X46A.z -88.5844 34.5564 3.99296
TA.M56A.z -78.1826 41.4837 4.03755
TA.T47A.z -87.1055 36.9881 4.24282
TA.151A.z -85.3267 32.5269 4.03236
TA.M60A.z -74.625 41.3265 4.04346
TA.251A.z -85.409 32.0929 4.01176
TA.E46A.z -84.3062 46.3665 4.0561
TA.E62A.z -69.5227 46.6201 4.0754
TA.H45A.z -86.044 44.6232 4.06515
TA.I64A.z -69.6347 43.9197 4.01953
TA.K42A.z -89.3457 42.7792 3.74631
TA.W46A.z -88.3783 35.1333 4.20849
TA.O43A.z -89.313 40.2856 4.25824
TA.U59A.z -77.7925 36.3526 4.07463
TA.255A.z -82.4758 31.9263 4.11806
TA.S54A.z -81.3114 37.7997 3.99452
TA.U61A.z -76.4464 36.3319 3.9996
TA.W58A.z -79.2333 35.0208 4.04008
TA.N51A.z -82.3748 40.9183 4.05001
TA.F43A.z -87.1694 45.8313 3.50411
TA.N45A.z -87.5118 40.8479 4.27206
TA.D51A.z -79.3733 47.0904 4.11649
TA.E52A.z -78.6569 46.2851 4.05651
TA.L60A.z -74.2226 41.989 4.00799
TA.S48A.z -86.0569 37.6574 3.73744
TA.350A.z -86.3353 31.4207 3.70907
TA.K60A.z -73.8886 42.6168 4.0351
TA.J47A.z -84.8214 43.2382 4.04434
TA.Y56A.z -81.3047 33.7922 4.04937
TA.X49A.z -86.326 34.5126 4.12984
TA.N58A.z -76.7158 40.8396 4.04201
TA.I45A.z -86.2348 44.0361 4.03867
TA.H48A.z -83.3249 44.7006 4.0239
TA.V57A.z -79.7758 35.8875 4.05177
TA.I51A.z -81.0231 43.8036 4.00995
TA.Y49A.z -86.4119 33.8577 4.14749
TA.R56A.z -79.4031 38.4071 3.93571
TA.O53A.z -81.2129 40.2493 4.03873
TA.V47A.z -87.5205 35.8278 3.94979
TA.Q58A.z -77.682 38.9413 3.9744
TA.D58A.z -72.8826 47.0954 4.06838
TA.152A.z -84.7188 32.6686 4.00177
TA.Z50A.z -85.9226 33.254 4.11365
TA.U47A.z -87.2892 36.4413 3.92955
TA.G64A.z -68.7558 45.2527 3.98523
TA.555A.z -82.9666 30.1212 4.06201
TA.556A.z -82.4057 30.0015 3.96066
TA.D60A.z -70.9237 46.9139 4.02624
TA.P59A.z -76.4327 39.6101 4.0462
TA.P45A.z -87.7439 39.5277 4.39547
TA.U55A.z -81.0472 36.5023 4.05669
TA.M63A.z -72.0464 41.4038 3.99956
TA.R58B.z -77.8787 37.9636 4.04956
TA.R58A.z -78.0034 38.2989 3.97541
TA.K51A.z -81.5082 42.7223 4.00665
TA.T59A.z -77.5541 36.9716 4.01275
TA.O50A.z -83.6199 40.1468 3.94907
TA.U50A.z -84.8431 36.4156 4.04332
TA.058A.z -81.8049 27.0569 3.9626
TA.M48A.z -84.7171 41.4846 4.04527
TA.M52A.z -81.357 41.5405 4.07624
TA.X54A.z -82.3743 34.5474 4.02148
TA.E63A.z -68.422 46.422 4.02739
TA.M64A.z -71.2102 41.5509 4.0213
TA.H55A.z -77.183 44.5505 4.06451
TA.H41A.z -89.6534 44.6164 4.02507
TA.J60A.z -73.4212 43.2438 3.92423
TA.I60A.z -73.2916 43.844 3.96101
TA.W49A.z -86.2645 35.1194 4.00301
TA.Q45A.z -88.1565 38.8948 3.95523
TA.Q51A.z -83.3456 39.026 4.04444
TA.R51A.z -83.5834 38.3001 4.14835
TA.N63A.z -72.5206 40.9878 4.00729
TA.S46A.z -87.7153 37.6849 4.10946
TA.O57A.z -77.6354 40.2104 4.09324
TA.S50A.z -84.4003 37.679 4
TA.T52A.z -82.9852 37.1076 4.029
TA.V61A.z -76.5776 35.7912 3.97375
TA.F57A.z -74.6928 45.8122 4.05059
TA.G63A.z -69.6186 45.1147 4.00556
TA.E64A.z -67.8285 46.4184 3.94049
TA.V58A.z -79.115 35.794 4.03416
TA.758A.z -81.1996 28.9621 4.01515
TA.D55A.z -75.4732 47.019 4.11636
TA.J43A.z -88.4185 43.3808 3.99155
TA.M59A.z -75.4321 41.5413 4.03576
TA.H60A.z -72.6986 44.5606 3.92672
TA.X59A.z -78.6023 34.572 4.02894
TA.I41A.z -89.8697 44.0592 3.87586
TA.I55A.z -77.6817 44.2161 4.05494
TA.F62A.z -69.9664 45.8968 4.04173
TA.N54A.z -79.9892 40.9617 4.02214
TA.156A.z -81.495 32.6542 4.04972
TA.Z54A.z -82.8417 33.2362 4.10974
TA.250A.z -86.2677 31.9778 3.80817
TA.O59A.z -76.1859 40.3114 4.03609
TA.J55A.z -77.8167 43.2657 4.04614
TA.451A.z -85.7467 30.616 3.96277
TA.552A.z -85.2938 30.1327 3.76223
TA.O60A.z -75.405 40.3177 4.09919
TA.G53A.z -78.6237 45.1222 4.06639
TA.P55A.z -79.8265 39.5078 4.05227
TA.Q60A.z -75.8429 39.0016 4.01368
