TA.T56A.z -80.0311 37.0288 4.06538
TA.Y58A.z -79.6665 33.9057 3.98509
TA.X57A.z -80.094 34.4643 4.03256
TA.M57A.z -77.128 41.3372 4.07538
TA.U51A.z -84.0165 36.3786 3.93913
TA.X47A.z -87.8571 34.5178 4.18212
TA.TIGA.z -83.5898 31.4389 4.01758
TA.F63A.z -69.1029 45.703 4.04569
TA.H46A.z -85.2034 44.5397 3.98108
TA.I63A.z -70.5809 44.0505 4.01425
TA.149A.z -86.7916 32.5983 4.11006
TA.Q52A.z -82.2669 38.9622 4.064
TA.N60A.z -75.1 40.8704 3.98749
TA.O54A.z -80.3778 40.1821 4.00155
TA.S55A.z -80.5013 37.7724 3.99041
TA.U56A.z -80.3829 36.3472 4.10044
TA.W59A.z -78.443 35.1673 4.06978
TA.E55A.z -76.0572 46.4538 4.1305
TA.V53A.z -82.8124 35.6694 4.08395
TA.L65A.z -70.0528 42.0295 4.02494
TA.E57A.z -74.1471 46.4117 4.09075
TA.X50B.z -85.6499 34.4611 4.07084
TA.355A.z -82.8518 31.3438 4.0659
TA.L55A.z -78.4368 42.1831 4.0564
TA.I48A.z -83.7022 44.1873 4.002
TA.G46A.z -84.8621 45.3176 4.04367
TA.L49A.z -83.7672 42.1088 4.0489
TA.P60A.z -75.6358 39.8113 4.11873
TA.I52A.z -80.177 44.068 4.07426
TA.Q55A.z -80.0812 38.9952 4.04879
TA.R55A.z -80.1195 38.2825 3.96669
TA.G41A.z -89.1816 45.2118 4.01228
TA.R49A.z -85.1714 38.2916 4.10252
TA.G55A.z -76.7187 45.2532 4.083
TA.U46A.z -88.1773 36.359 4.15337
TA.Z53A.z -83.5713 33.2801 4.13645
TA.153A.z -83.8316 32.6499 4.04949
TA.R60A.z -76.5807 38.2684 4.06048
TA.D61A.z -70.1868 47.2022 4.04266
TA.557A.z -81.7291 30.016 4.13354
TA.P58A.z -77.3005 39.4891 4.00247
TA.P46A.z -87.2067 39.6178 3.92634
TA.H64A.z -69.2203 44.6412 3.99604
TA.U60A.z -77.1596 36.4718 4.03762
TA.K48A.z -84.1197 42.8032 4.06309
TA.F61A.z -70.9921 45.9743 3.97245
TA.O49A.z -84.3353 40.188 4.04731
TA.061Z.z -80.907 25.8657 4.10235
TA.K56A.z -77.3244 42.6981 4.09315
TA.Z58A.z -79.8129 33.3349 3.97345
TA.F58A.z -73.8145 45.8663 4.08515
TA.W52A.z -83.9277 35.0935 4.01484
TA.J59A.z -74.5041 43.4647 4.06403
TA.455A.z -83.026 30.7422 4.00569
TA.P51A.z -83.0601 39.4818 4.04226
TA.Q59A.z -76.6548 38.8644 4.09087
TA.G45A.z -85.6571 45.0404 4.01629
TA.X53A.z -83.3013 34.5031 4.16643
TA.M53A.z -80.675 41.4393 4.05698
TA.L50A.z -82.8095 42.043 4.08291
TA.G59A.z -73.1809 45.0807 4.0694
TA.T60A.z -76.7349 37.1397 4.07355
TA.S58A.z -78.0511 37.6126 3.99575
TA.L46A.z -86.2955 42.0127 4.06527
TA.J61A.z -72.5535 43.3462 3.9549
TA.N48A.z -85.0271 40.8591 4.06344
TA.H42A.z -88.5311 44.5091 4.02046
TA.Q56A.z -79.1871 39.041 4.01357
TA.R50A.z -84.3274 38.2816 4.03148
TA.D48A.z -81.8072 47.1743 4.10497
TA.S51A.z -83.5935 37.6392 3.98917
TA.T51A.z -83.9454 36.9655 4.02619
TA.Y48A.z -87.1696 33.9131 4.11606
TA.N50A.z -83.1486 40.7711 4.10841
TA.L61A.z -73.5543 42.1934 4.01292
TA.E53A.z -77.6638 46.3784 4.08985
TA.L61B.z -72.6802 42.4498 4.03621
TA.D50A.z -79.8412 47.1668 4.14339
TA.351A.z -85.6036 31.2753 4.3952
TA.L59A.z -75.0426 42.1902 4.04777
TA.D46A.z -84.0357 46.891 4.02785
TA.Y57A.z -80.3915 34.017 4.01262
TA.K63A.z -71.5283 42.6888 3.99087
TA.V56A.z -80.4963 35.8097 4.02181
TA.157A.z -80.9972 32.678 4.02892
TA.253A.z -84.1294 32.0612 4.07231
TA.Z57A.z -80.7039 33.297 4.02913
TA.J54A.z -78.6392 43.2728 4.11702
TA.062Z.z -81.0523 24.7266 3.92901
TA.553A.z -84.4317 30.189 4.01868
TA.450A.z -86.5863 30.8038 4.00896
TA.L48A.z -84.4329 41.9438 4.11652
TA.P54A.z -80.4796 39.602 4.06221
TA.Z49A.z -86.5311 33.1942 4.32804
TA.U52A.z -83.3671 36.3929 3.94864
TA.T45A.z -88.6447 37.0196 4.20013
TA.M62A.z -72.8939 41.4423 4.0841
TA.T58A.z -78.5338 36.9454 4.04244
TA.O51A.z -82.6056 40.147 4.05513
TA.K52A.z -80.7139 42.7805 4.091
TA.W56A.z -80.5828 35.135 4.04031
TA.V52A.z -83.5959 35.8417 4.04728
TA.Q49A.z -84.8956 39.005 4.0709
TA.N47A.z -85.6942 40.8801 4.07558
TA.L62A.z -72.6617 42.0328 3.99556
TA.E54A.z -77.1869 46.4339 4.13798
TA.D53A.z -77.7001 47.0795 4.08508
TA.J49A.z -83.1389 43.36 4.00228
TA.356A.z -82.1275 31.3247 3.99427
TA.Y50A.z -85.7347 33.8911 3.86729
TA.P61A.z -74.7919 39.6734 4.13293
TA.I53A.z -79.5912 43.8238 4.12627
TA.R54A.z -80.9904 38.1809 4.00882
TA.V55A.z -81.2149 35.8518 4.05993
TA.W61A.z -76.9909 35.1773 4.05303
TA.457A.z -81.5563 30.6199 4.03482
TA.V62A.z -75.957 35.5612 4.02473
TA.D62A.z -69.0501 47.0819 4.02712
TA.657A.z -81.8665 29.5852 4.00227
TA.G62A.z -70.5319 45.2186 4.0594
TA.F44A.z -86.4226 45.9737 4.43546
TA.D54A.z -76.657 47.152 4.10268
TA.T48A.z -86.3943 37.1094 4.00655
TA.X58A.z -79.3388 34.5548 4.05286
TA.H61A.z -71.9271 44.5339 3.94292
TA.N57A.z -77.5509 40.7556 4.0723
TA.H59A.z -73.6905 44.6455 4.02801
TA.E43A.z -86.9954 46.3758 4.45478
TA.O48A.z -85.1553 40.2571 4.06594
TA.K47A.z -84.9993 42.6704 4.07574
TA.257A.z -81.0261 31.9746 4.07642
TA.K57A.z -76.5163 42.7313 4.03944
TA.454A.z -83.6302 30.7145 4.03589
TA.W53A.z -83.163 35.1696 4.06923
TA.J58A.z -75.2852 43.3603 3.97186
TA.658A.z -81.2578 29.422 4.05024
TA.P50A.z -83.7988 39.6086 4.1322
TA.M54A.z -79.6647 41.5079 4.04047
TA.L53A.z -80.2598 41.9539 4.05167
TA.X56A.z -81.0319 34.4923 4.03581
TA.M66A.z -70.1353 41.259 4.17662
TA.Y59A.z -78.8737 33.9897 4.0252
TA.T55A.z -80.7843 37.117 4.09794
TA.I58A.z -74.9733 43.6901 4.03205
TA.H57A.z -75.3905 44.4624 4.05892
TA.L58A.z -75.8502 42.0447 4.06054
TA.I62A.z -71.3359 43.8743 4.02079
TA.H47A.z -84.2062 44.5994 4.05244
TA.E48A.z -82.1653 46.4809 4.13049
TA.148A.z -87.571 32.6469 4.15759
TA.Q53A.z -81.5251 38.8586 4.07995
TA.V59A.z -78.2394 35.7649 4.05792
TA.N61A.z -74.2969 40.7519 4.063
TA.O55A.z -79.3041 40.2076 4.05392
TA.S56A.z -79.5662 37.6771 4.03993
TA.U57A.z -79.3364 36.4319 4.08199
TA.F55A.z -76.351 45.8338 4.09098
TA.F41A.z -89.1046 45.7387 4.25514
TA.G61A.z -71.5273 45.2827 4.02026
TA.N53A.z -80.8377 40.8065 4.02906
TA.D57A.z -73.8878 47.0172 4.0508
TA.D47A.z -83.1038 47.0558 4.041
TA.P48A.z -85.4258 39.4605 4.103
TA.E50A.z -80.7378 46.4232 4.10729
TA.K62A.z -72.2345 42.6651 4.06139
TA.958A.z -81.7543 27.5855 4.08815
TA.J45A.z -86.3889 43.4354 4.10093
TA.857A.z -82.2291 28.267 4.12075
TA.352A.z -84.9274 31.4793 4.05768
TA.I47A.z -84.5096 44.0193 4.00993
TA.H62A.z -71.1559 44.5743 4.01654
TA.Y54A.z -82.688 33.8621 4.09734
TA.I57A.z -75.6599 43.9377 4.01888
TA.V51A.z -84.3511 35.8033 4.04635
TA.KMSC.z -81.3333 35.142 4.0523
TA.150A.z -86.022 32.6067 4.15391
TA.K58A.z -75.6473 42.7633 4.06131
TA.Z52A.z -84.4176 33.1893 4.06039
TA.U49A.z -85.7796 36.5129 4.13838
TA.859A.z -80.8984 28.0592 4.0436
TA.F52A.z -79.3227 45.7951 3.99729
TA.R61A.z -75.339 38.3303 4.0222
TA.554A.z -83.6836 30.0841 4.23442
TA.453A.z -84.3197 30.8541 4.05541
TA.P57A.z -78.0126 39.4835 3.99625
TA.H65A.z -68.2469 44.6961 4.04133
TA.U53A.z -82.5765 36.3644 4.07205
TA.M61A.z -73.7673 41.3104 4.06008
TA.T50A.z -84.8384 37.0204 4.07033
TA.S52A.z -83.0784 37.6791 3.99927
TA.T46A.z -87.8941 37.0417 3.90409
TA.E47A.z -83.2777 46.4547 4.13095
TA.W47A.z -87.5946 35.2511 4.22078
TA.O52A.z -81.8361 40.1158 4.01767
TA.W57A.z -79.9928 35.1529 4.08627
TA.U58A.z -78.5493 36.3944 4.04616
TA.E59A.z -72.5108 46.4803 4.06013
TA.Y49A.z -86.4119 33.8577 4.15587
TA.X52A.z -83.8938 34.6032 4.0455
TA.E61A.z -70.489 46.4312 4.04908
TA.G58A.z -74.054 45.1492 4.03414
TA.L47A.z -85.2021 41.9756 4.09934
TA.S59A.z -77.2942 37.762 4.05496
TA.M50A.z -83.0428 41.4035 4.10266
TA.H53A.z -78.5832 44.5736 4.04227
TA.J62A.z -71.8127 43.2262 4.03396
TA.H43A.z -87.7704 44.4697 4.04712
TA.Q57A.z -78.4107 39.0353 4.02777
TA.R53A.z -81.9522 38.3307 4.04851
TA.N49A.z -84.1825 40.922 4.08049
TA.G43A.z -87.6861 45.2572 4.09046
TA.D49A.z -81.3562 47.2726 4.12756
TA.G53A.z -78.6237 45.1222 4.04633
TA.O45A.z -87.7244 40.2489 3.65706
TA.957A.z -82.2357 27.6702 4.08994
TA.Z51A.z -85.1747 33.3167 3.97499
TA.F51A.z -79.915 45.9284 4.03951
TA.F45A.z -85.5156 45.6837 4.04189
TA.G65A.z -67.5632 45.2002 4.02089
TA.D63A.z -68.1066 47.037 4.06863
TA.656A.z -82.5348 29.3689 3.97907
TA.F48A.z -82.6185 45.8278 4.0769
TA.M47A.z -85.6214 41.3594 4.09666
TA.H66A.z -67.3115 44.7859 4.04566
TA.H58A.z -74.1798 44.4176 4.0495
TA.V48A.z -86.8219 35.74 4.10337
TA.Z56A.z -81.3687 33.3253 4.09844
TA.252A.z -84.7357 31.9962 4.1037
TA.154A.z -83.1066 32.6131 4.04951
TA.K54A.z -78.6908 42.6097 4.08139
TA.L54A.z -79.3162 42.2345 4.08674
TA.W50A.z -85.3119 35.2002 4.06813
TA.J57A.z -75.9968 43.4099 4.01081
TA.P53A.z -81.3896 39.4868 4.05352
TA.P43A.z -89.5213 39.6409 4.3177
TA.349A.z -87.1924 31.3504 3.82308
TA.G57A.z -74.9855 45.1036 4.05373
TA.X55A.z -81.6336 34.4701 4.08832
TA.M49A.z -83.9752 41.4745 4.12389
TA.059A.z -81.144 26.9671 3.97374
TA.T54A.z -81.5762 37.0608 4.0285
TA.L44A.z -87.9119 42.1782 3.99498
TA.M55A.z -78.7649 41.4686 4.01055
TA.Y60A.z -78.2163 34.0046 4.11783
TA.060Z.z -80.556 26.4062 4.02595
TA.H56A.z -76.2594 44.593 4.08449
TA.M65A.z -70.6466 41.562 4.14898
TA.I59A.z -73.8744 43.7957 4.06031
TA.Q50A.z -83.979 38.8436 4.12744
TA.I61A.z -72.2087 43.9323 3.94137
TA.S47A.z -86.8779 37.5946 4.02342
TA.N62A.z -73.4677 40.9313 4.10738
TA.J48A.z -83.7849 43.2986 4.06811
TA.U54A.z -81.8204 36.5209 4.08609
TA.S57A.z -78.9536 37.7605 4.01543
TA.T53A.z -82.535 36.9823 4.01039
TA.O56A.z -78.5663 40.2683 3.99937
TA.Q48A.z -85.7311 38.9295 4.03102
TA.N56A.z -78.2953 40.9171 4.00875
TA.F42A.z -88.1347 45.7587 4.41396
TA.449A.z -87.2151 30.7596 3.92745
TA.L63A.z -71.6095 41.8631 4.0079
TA.D52A.z -78.4117 46.9764 4.07954
TA.N44A.z -88.1333 40.7953 3.59826
TA.V49A.z -85.903 35.7663 4.13394
TA.K61A.z -73.2676 42.6695 3.97328
TA.357A.z -81.4855 31.4239 4.01753
TA.J46A.z -85.6466 43.3478 4.10779
TA.S49A.z -85.2875 37.7849 4.09574
TA.X48A.z -87.0452 34.4517 4.06932
TA.Y51A.z -85.064 33.8993 4.00689
TA.T49A.z -85.5334 37.105 4.06527
TA.N59A.z -75.7703 40.9168 4.02496
TA.254A.z -83.2905 31.9457 4.00052
TA.D59A.z -71.8358 47.0073 4.02187
TA.V54A.z -81.9478 35.7771 4.1096
TA.Q43A.z -89.6991 38.941 4.40754
TA.V46A.z -88.1177 35.8007 4.2527
TA.W60A.z -77.7133 35.0528 4.0432
TA.R57A.z -78.5232 38.297 3.99303
TA.858A.z -81.3616 28.2126 4.00985
TA.Z55A.z -82.1359 33.2211 4.04432
TA.K59A.z -74.8525 42.775 4.01582
TA.Y53A.z -83.5836 33.8554 4.08208
TA.F64A.z -68.3496 45.8633 4.02239
TA.U48A.z -86.5402 36.5107 4.07561
TA.O58A.z -76.9228 40.1231 4.08623
TA.W48A.z -86.9333 35.1386 4.30322
TA.J52A.z -80.4764 43.2407 4.12183
TA.452A.z -85.183 30.8492 4.12331
TA.F49A.z -82.0423 45.7627 4.11249
TA.O61A.z -74.553 40.0934 4.10984
TA.P56A.z -78.8386 39.5044 4.05449
TA.Q61A.z -75.3256 38.8799 4.0553
TA.E42A.z -87.914 46.4301 4.40098
TA.R59A.z -77.1164 38.2005 4.02603
TA.256A.z -81.8878 31.9799 4.02136
TA.158A.z -80.1935 32.7364 4.03479
TA.R45A.z -88.2812 38.2926 4.29452
TA.K46A.z -85.7834 42.6864 4.13597
TA.L42A.z -89.667 42.004 3.76604
TA.K50A.z -82.6231 42.7749 4.12063
TA.W54A.z -82.1859 35.0857 4.06823
TA.V58A.z -79.115 35.794 4.11775
TA.L64A.z -70.8391 41.9359 4.02891
TA.L56A.z -77.5591 42.1365 4.08276
TA.E56A.z -75.0341 46.5436 4.04946
TA.M51A.z -82.1831 41.3321 4.11573
TA.E60A.z -71.4469 46.3689 3.96734
TA.X51A.z -84.8574 34.5658 3.99018
TA.I49A.z -82.8246 43.94 3.99932
TA.H52A.z -79.8888 44.6422 4.02406
TA.Y52A.z -84.0626 33.864 4.02649
TA.J63A.z -71.0781 43.2792 4.04657
TA.R52A.z -82.6443 38.3366 4.07251
TA.G42A.z -88.4277 45.2418 4.02126
TA.Q54A.z -80.8338 38.9836 4.07293
TA.G54A.z -78.0898 45.3979 4.1125
TA.R48A.z -85.8714 38.4001 3.99922
TA.V60A.z -77.2629 35.765 4.05615
TA.N52A.z -81.6876 40.8125 4.09458
TA.F46A.z -84.7586 45.7737 3.88784
TA.G60A.z -72.3337 45.0977 4.02243
TA.757A.z -82.0685 28.9413 3.95495
TA.S61A.z -75.6727 37.6804 4.07397
TA.D56A.z -74.7568 47.0485 4.08834
TA.655A.z -83.2552 29.5107 4.11494
TA.G47A.z -83.8551 45.173 4.05736
TA.E51A.z -79.4924 46.5333 4.08284
TA.P49A.z -84.7164 39.5342 4.10715
TA.X60A.z -77.9768 34.5773 4.07022
TA.353A.z -84.2172 31.3474 4.10985
TA.M42A.z -89.7581 41.4546 4.33446
TA.Y55A.z -81.8581 33.9375 4.02471
TA.959A.z -80.8791 27.524 4.03198
TA.H63A.z -70.0353 44.6616 4.06337
TA.M58A.z -76.4603 41.3721 4.08108
TA.059Z.z -81.4432 26.3373 4.09166
TA.I46A.z -85.4472 43.9411 4.01507
TA.V50A.z -85.1 35.6713 4.03457
TA.N55A.z -78.9862 40.7808 3.9665
TA.060A.z -80.3618 27.0361 3.93994
TA.E41A.z -88.9636 46.4643 4.35125
TA.155A.z -82.4665 32.6219 4.08062
TA.F60A.z -71.9514 45.9688 4.0118
TA.R46A.z -87.5114 38.2124 3.8916
TA.K49A.z -83.4556 42.7835 4.07296
TA.249A.z -87.1225 31.9752 3.77504
TA.Z59A.z -79.278 33.2414 3.99624
TA.K55A.z -78.0696 42.7278 4.07847
TA.J56A.z -76.8579 43.276 4.04224
TA.F59A.z -72.7833 45.8513 4.07568
TA.456A.z -82.0223 30.7248 3.97206
TA.W51A.z -84.7599 35.1606 3.98317
TA.E58A.z -73.2771 46.3721 4.071
TA.P52A.z -82.1325 39.6337 4.01834
TA.S53A.z -82.1264 37.6815 4.01395
TA.T57A.z -79.2538 36.9983 4.03282
TA.X46A.z -88.5844 34.5564 4.15426
TA.M56A.z -78.1826 41.4837 4.0618
TA.T47A.z -87.1055 36.9881 4.22197
TA.151A.z -85.3267 32.5269 3.92602
TA.M60A.z -74.625 41.3265 3.92718
TA.251A.z -85.409 32.0929 3.9613
TA.E46A.z -84.3062 46.3665 4.08173
TA.E62A.z -69.5227 46.6201 4.02024
TA.H45A.z -86.044 44.6232 4.03628
TA.I64A.z -69.6347 43.9197 4.03228
TA.K42A.z -89.3457 42.7792 3.76746
TA.W46A.z -88.3783 35.1333 4.26738
TA.U59A.z -77.7925 36.3526 4.06203
TA.255A.z -82.4758 31.9263 3.95189
TA.S54A.z -81.3114 37.7997 4.02743
TA.U61A.z -76.4464 36.3319 4.02419
TA.W58A.z -79.2333 35.0208 4.05086
TA.N51A.z -82.3748 40.9183 4.05409
TA.F43A.z -87.1694 45.8313 4.24401
TA.D51A.z -79.3733 47.0904 4.1275
TA.E52A.z -78.6569 46.2851 4.06031
TA.L60A.z -74.2226 41.989 3.96344
TA.E64A.z -67.8285 46.4184 3.90695
TA.350A.z -86.3353 31.4207 3.83362
TA.K60A.z -73.8886 42.6168 3.97574
TA.J47A.z -84.8214 43.2382 4.08942
TA.Y56A.z -81.3047 33.7922 4.06124
TA.X49A.z -86.326 34.5126 4.20394
TA.N58A.z -76.7158 40.8396 4.06052
TA.I45A.z -86.2348 44.0361 4.03918
TA.H48A.z -83.3249 44.7006 4.03789
TA.V57A.z -79.7758 35.8875 4.06618
TA.I51A.z -81.0231 43.8036 4.01707
TA.L57A.z -76.8492 42.0005 4.18268
TA.R56A.z -79.4031 38.4071 4.01694
TA.O53A.z -81.2129 40.2493 4.02524
TA.V47A.z -87.5205 35.8278 4.1443
TA.Q58A.z -77.682 38.9413 4.00983
TA.D58A.z -72.8826 47.0954 4.09183
TA.152A.z -84.7188 32.6686 4.13505
TA.Z50A.z -85.9226 33.254 4.07007
TA.U47A.z -87.2892 36.4413 4.02912
TA.G64A.z -68.7558 45.2527 3.98655
TA.555A.z -82.9666 30.1212 3.78767
TA.556A.z -82.4057 30.0015 3.96349
TA.D60A.z -70.9237 46.9139 4.00103
TA.P59A.z -76.4327 39.6101 4.04815
TA.U55A.z -81.0472 36.5023 4.12193
TA.M63A.z -72.0464 41.4038 3.99759
TA.R58B.z -77.8787 37.9636 4.08919
TA.R58A.z -78.0034 38.2989 4.02862
TA.K51A.z -81.5082 42.7223 4.10618
TA.T59A.z -77.5541 36.9716 4.05159
TA.O50A.z -83.6199 40.1468 4.08002
TA.U50A.z -84.8431 36.4156 4.13262
TA.058A.z -81.8049 27.0569 3.93338
TA.M48A.z -84.7171 41.4846 4.08597
TA.M52A.z -81.357 41.5405 4.12808
TA.X54A.z -82.3743 34.5474 4.05232
TA.E63A.z -68.422 46.422 4.04093
TA.M64A.z -71.2102 41.5509 4.09909
TA.H55A.z -77.183 44.5505 4.05661
TA.J60A.z -73.4212 43.2438 3.97236
TA.I60A.z -73.2916 43.844 3.99171
TA.W49A.z -86.2645 35.1194 4.14925
TA.Q51A.z -83.3456 39.026 4.10979
TA.R51A.z -83.5834 38.3001 4.07652
TA.N63A.z -72.5206 40.9878 4.09322
TA.S46A.z -87.7153 37.6849 3.92958
TA.O57A.z -77.6354 40.2104 4.05444
TA.S50A.z -84.4003 37.679 4.00124
TA.T52A.z -82.9852 37.1076 4.00173
TA.V61A.z -76.5776 35.7912 4.01435
TA.F57A.z -74.6928 45.8122 4.06587
TA.G63A.z -69.6186 45.1147 4.05942
TA.S48A.z -86.0569 37.6574 3.99771
TA.S60A.z -76.6535 37.7055 4.08587
TA.758A.z -81.1996 28.9621 4.02236
TA.D55A.z -75.4732 47.019 4.10097
TA.M45A.z -87.2504 41.3881 4.39849
TA.M59A.z -75.4321 41.5413 4.00823
TA.H60A.z -72.6986 44.5606 3.97966
TA.X59A.z -78.6023 34.572 4.03481
TA.I41A.z -89.8697 44.0592 4.48037
TA.I55A.z -77.6817 44.2161 4.08545
TA.F62A.z -69.9664 45.8968 4.1288
TA.N54A.z -79.9892 40.9617 4.00504
TA.156A.z -81.495 32.6542 4.09887
TA.Z54A.z -82.8417 33.2362 4.07524
TA.250A.z -86.2677 31.9778 4.16385
TA.O59A.z -76.1859 40.3114 4.04373
TA.J55A.z -77.8167 43.2657 4.06407
TA.451A.z -85.7467 30.616 4.01944
TA.552A.z -85.2938 30.1327 3.97128
TA.O60A.z -75.405 40.3177 4.06489
TA.S44A.z -89.2551 37.6936 4.25074
TA.P55A.z -79.8265 39.5078 4.05994
TA.Q60A.z -75.8429 39.0016 4.03763
