TA.T56A.z -80.0311 37.0288 4.02524
TA.Y58A.z -79.6665 33.9057 4.04371
TA.X57A.z -80.094 34.4643 4.05805
TA.M57A.z -77.128 41.3372 4.092
TA.U51A.z -84.0165 36.3786 3.9769
TA.X47A.z -87.8571 34.5178 4.1851
TA.TIGA.z -83.5898 31.4389 4.05312
TA.F63A.z -69.1029 45.703 4.06446
TA.H46A.z -85.2034 44.5397 4.017
TA.I63A.z -70.5809 44.0505 3.99851
TA.149A.z -86.7916 32.5983 4.12991
TA.Q52A.z -82.2669 38.9622 4.09047
TA.N60A.z -75.1 40.8704 4.02669
TA.O54A.z -80.3778 40.1821 4.02672
TA.S55A.z -80.5013 37.7724 4.00518
TA.U56A.z -80.3829 36.3472 4.09406
TA.W59A.z -78.443 35.1673 4.06348
TA.V53A.z -82.8124 35.6694 4.11394
TA.L65A.z -70.0528 42.0295 4.01336
TA.E57A.z -74.1471 46.4117 4.10312
TA.X50B.z -85.6499 34.4611 4.16323
TA.355A.z -82.8518 31.3438 4.10177
TA.L55A.z -78.4368 42.1831 4.01713
TA.I48A.z -83.7022 44.1873 4.00446
TA.G46A.z -84.8621 45.3176 4.03593
TA.L49A.z -83.7672 42.1088 4.05831
TA.P60A.z -75.6358 39.8113 4.11473
TA.I52A.z -80.177 44.068 4.06015
TA.Q55A.z -80.0812 38.9952 4.02646
TA.R55A.z -80.1195 38.2825 3.95484
TA.G41A.z -89.1816 45.2118 4.02542
TA.R49A.z -85.1714 38.2916 4.09018
TA.G55A.z -76.7187 45.2532 4.08648
TA.U46A.z -88.1773 36.359 4.266
TA.Z53A.z -83.5713 33.2801 4.11208
TA.153A.z -83.8316 32.6499 4.04193
TA.R60A.z -76.5807 38.2684 4.09318
TA.D61A.z -70.1868 47.2022 4.02184
TA.557A.z -81.7291 30.016 4.03304
TA.P58A.z -77.3005 39.4891 4.01282
TA.P46A.z -87.2067 39.6178 3.94337
TA.H64A.z -69.2203 44.6412 4.03056
TA.U60A.z -77.1596 36.4718 4.06339
TA.K48A.z -84.1197 42.8032 4.06955
TA.F61A.z -70.9921 45.9743 4.0028
TA.O49A.z -84.3353 40.188 4.10587
TA.061Z.z -80.907 25.8657 4.10427
TA.K56A.z -77.3244 42.6981 4.08906
TA.Z58A.z -79.8129 33.3349 4.00154
TA.F58A.z -73.8145 45.8663 4.09626
TA.W52A.z -83.9277 35.0935 4.01015
TA.J59A.z -74.5041 43.4647 4.00943
TA.455A.z -83.026 30.7422 4.00797
TA.P51A.z -83.0601 39.4818 4.06007
TA.Q59A.z -76.6548 38.8644 4.10108
TA.G45A.z -85.6571 45.0404 4.02915
TA.X53A.z -83.3013 34.5031 4.16327
TA.M53A.z -80.675 41.4393 4.07353
TA.L50A.z -82.8095 42.043 4.08063
TA.G59A.z -73.1809 45.0807 4.05239
TA.T60A.z -76.7349 37.1397 4.08845
TA.S58A.z -78.0511 37.6126 4.04041
TA.L46A.z -86.2955 42.0127 4.06752
TA.J61A.z -72.5535 43.3462 3.92098
TA.N48A.z -85.0271 40.8591 4.09812
TA.H42A.z -88.5311 44.5091 4.05719
TA.Q56A.z -79.1871 39.041 4.02447
TA.R50A.z -84.3274 38.2816 4.02352
TA.D48A.z -81.8072 47.1743 4.11147
TA.S51A.z -83.5935 37.6392 4.00007
TA.T51A.z -83.9454 36.9655 4.04139
TA.Y48A.z -87.1696 33.9131 4.12346
TA.N50A.z -83.1486 40.7711 4.10514
TA.L61A.z -73.5543 42.1934 3.99949
TA.E53A.z -77.6638 46.3784 4.10152
TA.L61B.z -72.6802 42.4498 3.98571
TA.D50A.z -79.8412 47.1668 4.10752
TA.351A.z -85.6036 31.2753 4.45117
TA.L59A.z -75.0426 42.1902 4.06813
TA.D46A.z -84.0357 46.891 4.05432
TA.Y57A.z -80.3915 34.017 4.03977
TA.K63A.z -71.5283 42.6888 4.00998
TA.V56A.z -80.4963 35.8097 4.02862
TA.157A.z -80.9972 32.678 4.02101
TA.253A.z -84.1294 32.0612 4.0957
TA.Z57A.z -80.7039 33.297 4.0443
TA.J54A.z -78.6392 43.2728 4.14373
TA.062Z.z -81.0523 24.7266 3.93012
TA.553A.z -84.4317 30.189 4.02751
TA.450A.z -86.5863 30.8038 4.01245
TA.L48A.z -84.4329 41.9438 4.12874
TA.P54A.z -80.4796 39.602 4.11127
TA.Z49A.z -86.5311 33.1942 4.18127
TA.U52A.z -83.3671 36.3929 4.00451
TA.T45A.z -88.6447 37.0196 4.21978
TA.M62A.z -72.8939 41.4423 4.08538
TA.T58A.z -78.5338 36.9454 4.06262
TA.O51A.z -82.6056 40.147 4.03733
TA.K52A.z -80.7139 42.7805 4.0903
TA.W56A.z -80.5828 35.135 4.07444
TA.V52A.z -83.5959 35.8417 4.03947
TA.Q49A.z -84.8956 39.005 4.07969
TA.N47A.z -85.6942 40.8801 4.12502
TA.L62A.z -72.6617 42.0328 4.00956
TA.E54A.z -77.1869 46.4339 4.13342
TA.D53A.z -77.7001 47.0795 4.06528
TA.J49A.z -83.1389 43.36 nan
TA.356A.z -82.1275 31.3247 4.0026
TA.Y50A.z -85.7347 33.8911 4.1149
TA.P61A.z -74.7919 39.6734 4.13687
TA.I53A.z -79.5912 43.8238 4.14266
TA.R54A.z -80.9904 38.1809 4.03433
TA.V55A.z -81.2149 35.8518 4.04396
TA.W61A.z -76.9909 35.1773 4.06295
TA.457A.z -81.5563 30.6199 4.03213
TA.V62A.z -75.957 35.5612 4.03519
TA.D62A.z -69.0501 47.0819 4.02862
TA.657A.z -81.8665 29.5852 4.00879
TA.G62A.z -70.5319 45.2186 4.06915
TA.F44A.z -86.4226 45.9737 4.49818
TA.D54A.z -76.657 47.152 4.09389
TA.T48A.z -86.3943 37.1094 4.00805
TA.X58A.z -79.3388 34.5548 4.04072
TA.H61A.z -71.9271 44.5339 3.92321
TA.N57A.z -77.5509 40.7556 4.10207
TA.H59A.z -73.6905 44.6455 4.05083
TA.E43A.z -86.9954 46.3758 4.45845
TA.O48A.z -85.1553 40.2571 4.0163
TA.K47A.z -84.9993 42.6704 4.09001
TA.257A.z -81.0261 31.9746 4.06136
TA.K57A.z -76.5163 42.7313 4.06187
TA.454A.z -83.6302 30.7145 4.0551
TA.W53A.z -83.163 35.1696 4.10474
TA.J58A.z -75.2852 43.3603 3.9692
TA.658A.z -81.2578 29.422 4.06806
TA.P50A.z -83.7988 39.6086 4.1262
TA.M54A.z -79.6647 41.5079 4.02866
TA.L53A.z -80.2598 41.9539 4.04568
TA.X56A.z -81.0319 34.4923 4.02959
TA.M66A.z -70.1353 41.259 4.18561
TA.Y59A.z -78.8737 33.9897 4.01718
TA.T55A.z -80.7843 37.117 4.08846
TA.I58A.z -74.9733 43.6901 3.97777
TA.H57A.z -75.3905 44.4624 4.05382
TA.L58A.z -75.8502 42.0447 4.05572
TA.I62A.z -71.3359 43.8743 3.99391
TA.H47A.z -84.2062 44.5994 4.07411
TA.E48A.z -82.1653 46.4809 4.11035
TA.148A.z -87.571 32.6469 4.17098
TA.Q53A.z -81.5251 38.8586 4.10576
TA.V59A.z -78.2394 35.7649 4.0302
TA.N61A.z -74.2969 40.7519 4.08714
TA.O55A.z -79.3041 40.2076 4.07623
TA.S56A.z -79.5662 37.6771 4.02832
TA.U57A.z -79.3364 36.4319 4.08167
TA.F55A.z -76.351 45.8338 4.09772
TA.F41A.z -89.1046 45.7387 4.27833
TA.G61A.z -71.5273 45.2827 3.99248
TA.N53A.z -80.8377 40.8065 4.04178
TA.D57A.z -73.8878 47.0172 4.08362
TA.D47A.z -83.1038 47.0558 4.05595
TA.P48A.z -85.4258 39.4605 4.13564
TA.E50A.z -80.7378 46.4232 4.1188
TA.K62A.z -72.2345 42.6651 4.04871
TA.958A.z -81.7543 27.5855 4.10235
TA.J45A.z -86.3889 43.4354 4.10586
TA.857A.z -82.2291 28.267 4.17786
TA.352A.z -84.9274 31.4793 4.03114
TA.I47A.z -84.5096 44.0193 4.01517
TA.H62A.z -71.1559 44.5743 4.00047
TA.Y54A.z -82.688 33.8621 4.11156
TA.I57A.z -75.6599 43.9377 4.02511
TA.V51A.z -84.3511 35.8033 4.08513
TA.KMSC.z -81.3333 35.142 4.06813
TA.150A.z -86.022 32.6067 4.17498
TA.K58A.z -75.6473 42.7633 4.05145
TA.Z52A.z -84.4176 33.1893 4.00737
TA.U49A.z -85.7796 36.5129 4.09328
TA.859A.z -80.8984 28.0592 4.04333
TA.F52A.z -79.3227 45.7951 4.00536
TA.R61A.z -75.339 38.3303 4.04136
TA.554A.z -83.6836 30.0841 4.27865
TA.453A.z -84.3197 30.8541 4.11539
TA.P57A.z -78.0126 39.4835 4.03601
TA.H65A.z -68.2469 44.6961 4.05184
TA.U53A.z -82.5765 36.3644 4.08124
TA.M61A.z -73.7673 41.3104 4.04955
TA.T50A.z -84.8384 37.0204 4.09951
TA.S52A.z -83.0784 37.6791 4.0161
TA.T46A.z -87.8941 37.0417 3.91341
TA.E47A.z -83.2777 46.4547 4.10924
TA.W47A.z -87.5946 35.2511 4.22869
TA.O52A.z -81.8361 40.1158 4.05022
TA.W57A.z -79.9928 35.1529 4.07874
TA.U58A.z -78.5493 36.3944 4.01831
TA.E59A.z -72.5108 46.4803 4.08284
TA.L57A.z -76.8492 42.0005 4.1192
TA.X52A.z -83.8938 34.6032 4.04414
TA.E61A.z -70.489 46.4312 4.05241
TA.G58A.z -74.054 45.1492 4.02252
TA.L47A.z -85.2021 41.9756 4.11049
TA.S59A.z -77.2942 37.762 4.0835
TA.M50A.z -83.0428 41.4035 4.08045
TA.H53A.z -78.5832 44.5736 4.06393
TA.J62A.z -71.8127 43.2262 4.0213
TA.H43A.z -87.7704 44.4697 4.05147
TA.Q57A.z -78.4107 39.0353 4.06642
TA.R53A.z -81.9522 38.3307 4.0601
TA.N49A.z -84.1825 40.922 4.08369
TA.G43A.z -87.6861 45.2572 4.09752
TA.D49A.z -81.3562 47.2726 4.16035
TA.G53A.z -78.6237 45.1222 4.06918
TA.O45A.z -87.7244 40.2489 3.78822
TA.957A.z -82.2357 27.6702 4.09917
TA.Z51A.z -85.1747 33.3167 4.0217
TA.F51A.z -79.915 45.9284 4.04652
TA.F45A.z -85.5156 45.6837 4.04484
TA.G65A.z -67.5632 45.2002 4.02997
TA.D63A.z -68.1066 47.037 4.07273
TA.656A.z -82.5348 29.3689 3.9796
TA.F48A.z -82.6185 45.8278 4.06898
TA.M47A.z -85.6214 41.3594 4.11695
TA.H66A.z -67.3115 44.7859 4.02034
TA.H58A.z -74.1798 44.4176 4.03118
TA.V48A.z -86.8219 35.74 nan
TA.Z56A.z -81.3687 33.3253 4.07147
TA.252A.z -84.7357 31.9962 4.11663
TA.154A.z -83.1066 32.6131 4.0831
TA.K54A.z -78.6908 42.6097 4.091
TA.L54A.z -79.3162 42.2345 4.10253
TA.W50A.z -85.3119 35.2002 4.08691
TA.J57A.z -75.9968 43.4099 4.02037
TA.P53A.z -81.3896 39.4868 4.09432
TA.P43A.z -89.5213 39.6409 4.32994
TA.349A.z -87.1924 31.3504 3.82359
TA.G57A.z -74.9855 45.1036 4.03964
TA.X55A.z -81.6336 34.4701 4.10178
TA.M49A.z -83.9752 41.4745 4.12356
TA.059A.z -81.144 26.9671 3.99765
TA.T54A.z -81.5762 37.0608 4.03233
TA.L44A.z -87.9119 42.1782 4.01849
TA.M55A.z -78.7649 41.4686 4.00025
TA.Y60A.z -78.2163 34.0046 4.07132
TA.060Z.z -80.556 26.4062 4.03565
TA.H56A.z -76.2594 44.593 4.0862
TA.M65A.z -70.6466 41.562 4.12613
TA.I59A.z -73.8744 43.7957 4.01586
TA.Q50A.z -83.979 38.8436 4.11479
TA.I61A.z -72.2087 43.9323 3.92341
TA.S47A.z -86.8779 37.5946 4.02414
TA.N62A.z -73.4677 40.9313 4.10622
TA.J48A.z -83.7849 43.2986 4.07298
TA.U54A.z -81.8204 36.5209 4.04949
TA.S57A.z -78.9536 37.7605 4.01544
TA.T53A.z -82.535 36.9823 4.05247
TA.O56A.z -78.5663 40.2683 4.02472
TA.Q48A.z -85.7311 38.9295 4.05258
TA.N56A.z -78.2953 40.9171 4.00309
TA.F42A.z -88.1347 45.7587 4.46552
TA.449A.z -87.2151 30.7596 3.92798
TA.L63A.z -71.6095 41.8631 4.01097
TA.D52A.z -78.4117 46.9764 4.05097
TA.N44A.z -88.1333 40.7953 3.61689
TA.E55A.z -76.0572 46.4538 4.11651
TA.K61A.z -73.2676 42.6695 3.95416
TA.357A.z -81.4855 31.4239 3.99079
TA.J46A.z -85.6466 43.3478 4.08175
TA.S49A.z -85.2875 37.7849 4.11982
TA.X48A.z -87.0452 34.4517 4.07303
TA.Y51A.z -85.064 33.8993 3.99764
TA.T49A.z -85.5334 37.105 4.05481
TA.N59A.z -75.7703 40.9168 4.04552
TA.254A.z -83.2905 31.9457 4.02757
TA.D59A.z -71.8358 47.0073 4.02221
TA.V54A.z -81.9478 35.7771 4.11507
TA.Q43A.z -89.6991 38.941 4.42364
TA.V49A.z -85.903 35.7663 4.11979
TA.W60A.z -77.7133 35.0528 4.05264
TA.R57A.z -78.5232 38.297 4.00844
TA.858A.z -81.3616 28.2126 4.08347
TA.Z55A.z -82.1359 33.2211 4.03688
TA.K59A.z -74.8525 42.775 4.01259
TA.Y53A.z -83.5836 33.8554 4.10504
TA.F64A.z -68.3496 45.8633 4.02639
TA.U48A.z -86.5402 36.5107 4.08144
TA.O58A.z -76.9228 40.1231 4.0826
TA.W48A.z -86.9333 35.1386 4.30515
TA.J52A.z -80.4764 43.2407 4.10609
TA.452A.z -85.183 30.8492 4.15496
TA.F49A.z -82.0423 45.7627 4.09132
TA.O61A.z -74.553 40.0934 4.11182
TA.P56A.z -78.8386 39.5044 4.06898
TA.Q61A.z -75.3256 38.8799 4.0605
TA.E42A.z -87.914 46.4301 4.44099
TA.R59A.z -77.1164 38.2005 4.05919
TA.256A.z -81.8878 31.9799 nan
TA.158A.z -80.1935 32.7364 4.04015
TA.R45A.z -88.2812 38.2926 4.29599
TA.K46A.z -85.7834 42.6864 4.10697
TA.L42A.z -89.667 42.004 3.78263
TA.K50A.z -82.6231 42.7749 4.10012
TA.W54A.z -82.1859 35.0857 4.09371
TA.V58A.z -79.115 35.794 4.09263
TA.L64A.z -70.8391 41.9359 4.03811
TA.L56A.z -77.5591 42.1365 4.09543
TA.E56A.z -75.0341 46.5436 4.06544
TA.M51A.z -82.1831 41.3321 4.10552
TA.E60A.z -71.4469 46.3689 3.97751
TA.X51A.z -84.8574 34.5658 4.02648
TA.I49A.z -82.8246 43.94 4.01703
TA.H52A.z -79.8888 44.6422 4.01701
TA.Y52A.z -84.0626 33.864 4.02169
TA.J63A.z -71.0781 43.2792 4.05258
TA.R52A.z -82.6443 38.3366 4.05813
TA.G42A.z -88.4277 45.2418 4.03726
TA.Q54A.z -80.8338 38.9836 4.07853
TA.O44A.z -88.4671 40.1526 3.51447
TA.G54A.z -78.0898 45.3979 4.13515
TA.R48A.z -85.8714 38.4001 4.01159
TA.V60A.z -77.2629 35.765 4.04753
TA.N52A.z -81.6876 40.8125 4.10955
TA.F46A.z -84.7586 45.7737 3.94631
TA.G60A.z -72.3337 45.0977 4.02018
TA.757A.z -82.0685 28.9413 3.95989
TA.S61A.z -75.6727 37.6804 4.06501
TA.D56A.z -74.7568 47.0485 4.09409
TA.655A.z -83.2552 29.5107 4.12209
TA.G47A.z -83.8551 45.173 4.06921
TA.E51A.z -79.4924 46.5333 4.08105
TA.P49A.z -84.7164 39.5342 4.11392
TA.X60A.z -77.9768 34.5773 4.06987
TA.353A.z -84.2172 31.3474 4.1174
TA.M42A.z -89.7581 41.4546 4.34075
TA.Y55A.z -81.8581 33.9375 4.04571
TA.959A.z -80.8791 27.524 4.08084
TA.H63A.z -70.0353 44.6616 4.02925
TA.M58A.z -76.4603 41.3721 4.08088
TA.059Z.z -81.4432 26.3373 4.09515
TA.I46A.z -85.4472 43.9411 4.02433
TA.V50A.z -85.1 35.6713 4.08201
TA.N55A.z -78.9862 40.7808 3.99127
TA.060A.z -80.3618 27.0361 3.96002
TA.E41A.z -88.9636 46.4643 4.36536
TA.155A.z -82.4665 32.6219 4.09895
TA.F60A.z -71.9514 45.9688 4.03417
TA.R46A.z -87.5114 38.2124 3.89401
TA.K49A.z -83.4556 42.7835 4.0285
TA.249A.z -87.1225 31.9752 3.80007
TA.Z59A.z -79.278 33.2414 4.03705
TA.K55A.z -78.0696 42.7278 4.08471
TA.J56A.z -76.8579 43.276 4.0573
TA.F59A.z -72.7833 45.8513 4.07877
TA.456A.z -82.0223 30.7248 3.9217
TA.W51A.z -84.7599 35.1606 4.03233
TA.E58A.z -73.2771 46.3721 4.10044
TA.P52A.z -82.1325 39.6337 4.0827
TA.S53A.z -82.1264 37.6815 4.04825
TA.T57A.z -79.2538 36.9983 4.03453
TA.X46A.z -88.5844 34.5564 4.15564
TA.M56A.z -78.1826 41.4837 4.09867
TA.T47A.z -87.1055 36.9881 4.22511
TA.151A.z -85.3267 32.5269 3.93439
TA.M60A.z -74.625 41.3265 3.98893
TA.251A.z -85.409 32.0929 3.98562
TA.E46A.z -84.3062 46.3665 4.09103
TA.E62A.z -69.5227 46.6201 4.02322
TA.H45A.z -86.044 44.6232 4.04479
TA.I64A.z -69.6347 43.9197 4.0348
TA.K42A.z -89.3457 42.7792 3.82906
TA.W46A.z -88.3783 35.1333 4.27004
TA.U59A.z -77.7925 36.3526 4.05923
TA.255A.z -82.4758 31.9263 4.00323
TA.S54A.z -81.3114 37.7997 4.05636
TA.U61A.z -76.4464 36.3319 4.02167
TA.W58A.z -79.2333 35.0208 4.05124
TA.N51A.z -82.3748 40.9183 4.09349
TA.F43A.z -87.1694 45.8313 4.24751
TA.D51A.z -79.3733 47.0904 4.13646
TA.E52A.z -78.6569 46.2851 4.08397
TA.L60A.z -74.2226 41.989 3.97916
TA.E64A.z -67.8285 46.4184 3.90965
TA.350A.z -86.3353 31.4207 3.84794
TA.K60A.z -73.8886 42.6168 3.98739
TA.J47A.z -84.8214 43.2382 4.05395
TA.Y56A.z -81.3047 33.7922 4.0617
TA.X49A.z -86.326 34.5126 4.20514
TA.N58A.z -76.7158 40.8396 4.06114
TA.I45A.z -86.2348 44.0361 4.03605
TA.H48A.z -83.3249 44.7006 4.04128
TA.V57A.z -79.7758 35.8875 4.04432
TA.I51A.z -81.0231 43.8036 4.03799
TA.Y49A.z -86.4119 33.8577 4.10174
TA.R56A.z -79.4031 38.4071 3.99774
TA.O53A.z -81.2129 40.2493 4.04489
TA.V47A.z -87.5205 35.8278 4.14786
TA.Q58A.z -77.682 38.9413 4.05505
TA.D58A.z -72.8826 47.0954 4.07743
TA.152A.z -84.7188 32.6686 4.13696
TA.Z50A.z -85.9226 33.254 4.08783
TA.U47A.z -87.2892 36.4413 4.03002
TA.G64A.z -68.7558 45.2527 3.95212
TA.555A.z -82.9666 30.1212 3.80855
TA.556A.z -82.4057 30.0015 3.97501
TA.D60A.z -70.9237 46.9139 4.01959
TA.P59A.z -76.4327 39.6101 4.07168
TA.U55A.z -81.0472 36.5023 4.09231
TA.M63A.z -72.0464 41.4038 4.04023
TA.R58B.z -77.8787 37.9636 4.06102
TA.R58A.z -78.0034 38.2989 4.04353
TA.K51A.z -81.5082 42.7223 4.0968
TA.T59A.z -77.5541 36.9716 4.08653
TA.O50A.z -83.6199 40.1468 4.10828
TA.U50A.z -84.8431 36.4156 4.06445
TA.058A.z -81.8049 27.0569 3.94586
TA.M48A.z -84.7171 41.4846 4.11867
TA.M52A.z -81.357 41.5405 4.11521
TA.X54A.z -82.3743 34.5474 4.09867
TA.E63A.z -68.422 46.422 4.06002
TA.M64A.z -71.2102 41.5509 4.03574
TA.H55A.z -77.183 44.5505 4.08247
TA.J60A.z -73.4212 43.2438 3.96441
TA.I60A.z -73.2916 43.844 3.99227
TA.W49A.z -86.2645 35.1194 4.16472
TA.Q51A.z -83.3456 39.026 4.1043
TA.R51A.z -83.5834 38.3001 4.05433
TA.N63A.z -72.5206 40.9878 4.09851
TA.S46A.z -87.7153 37.6849 3.95655
TA.O57A.z -77.6354 40.2104 4.08791
TA.S50A.z -84.4003 37.679 4.00071
TA.T52A.z -82.9852 37.1076 4.03437
TA.V61A.z -76.5776 35.7912 4.02256
TA.F57A.z -74.6928 45.8122 4.0619
TA.G63A.z -69.6186 45.1147 4.02359
TA.S48A.z -86.0569 37.6574 3.99928
TA.S60A.z -76.6535 37.7055 4.09857
TA.V46A.z -88.1177 35.8007 4.25537
TA.758A.z -81.1996 28.9621 4.13417
TA.D55A.z -75.4732 47.019 4.14029
TA.M45A.z -87.2504 41.3881 4.43141
TA.M59A.z -75.4321 41.5413 4.02456
TA.H60A.z -72.6986 44.5606 3.98416
TA.X59A.z -78.6023 34.572 3.9956
TA.I41A.z -89.8697 44.0592 4.49035
TA.I55A.z -77.6817 44.2161 4.1155
TA.F62A.z -69.9664 45.8968 4.12684
TA.N54A.z -79.9892 40.9617 4.03896
TA.156A.z -81.495 32.6542 4.0771
TA.Z54A.z -82.8417 33.2362 4.11199
TA.250A.z -86.2677 31.9778 4.18435
TA.O59A.z -76.1859 40.3114 4.06207
TA.J55A.z -77.8167 43.2657 4.03899
TA.451A.z -85.7467 30.616 4.02711
TA.552A.z -85.2938 30.1327 3.98548
TA.O60A.z -75.405 40.3177 4.09727
TA.S44A.z -89.2551 37.6936 4.25845
TA.P55A.z -79.8265 39.5078 4.05698
TA.Q60A.z -75.8429 39.0016 4.04518
