TA.T56A.z -80.0311 37.0288 3.98425
TA.Y58A.z -79.6665 33.9057 4.03288
TA.X57A.z -80.094 34.4643 4.02404
TA.M57A.z -77.128 41.3372 3.95802
TA.U51A.z -84.0165 36.3786 3.98027
TA.X47A.z -87.8571 34.5178 3.98046
TA.TIGA.z -83.5898 31.4389 4.00073
TA.256A.z -81.8878 31.9799 3.97903
TA.H46A.z -85.2034 44.5397 4.0186
TA.I63A.z -70.5809 44.0505 3.93432
TA.149A.z -86.7916 32.5983 3.82285
TA.Q52A.z -82.2669 38.9622 3.96217
TA.N60A.z -75.1 40.8704 4.0079
TA.O54A.z -80.3778 40.1821 3.95911
TA.S55A.z -80.5013 37.7724 3.9598
TA.U56A.z -80.3829 36.3472 4.00316
TA.W59A.z -78.443 35.1673 4.0168
TA.N46A.z -86.7352 40.8949 4.29782
TA.V53A.z -82.8124 35.6694 4.04617
TA.L65A.z -70.0528 42.0295 3.97982
TA.E57A.z -74.1471 46.4117 4.0228
TA.X50B.z -85.6499 34.4611 4.1443
TA.355A.z -82.8518 31.3438 3.94408
TA.L55A.z -78.4368 42.1831 3.94446
TA.I48A.z -83.7022 44.1873 3.98056
TA.V47A.z -87.5205 35.8278 3.99715
TA.L49A.z -83.7672 42.1088 3.99429
TA.P60A.z -75.6358 39.8113 3.98447
TA.I52A.z -80.177 44.068 4.02397
TA.Q55A.z -80.0812 38.9952 3.89993
TA.R55A.z -80.1195 38.2825 3.85932
TA.R49A.z -85.1714 38.2916 3.973
TA.G55A.z -76.7187 45.2532 4.0214
TA.U46A.z -88.1773 36.359 4.31298
TA.Z53A.z -83.5713 33.2801 4.0698
TA.153A.z -83.8316 32.6499 4.04856
TA.R60A.z -76.5807 38.2684 3.996
TA.D61A.z -70.1868 47.2022 4.03476
TA.557A.z -81.7291 30.016 3.97301
TA.P58A.z -77.3005 39.4891 4.0139
TA.P46A.z -87.2067 39.6178 4.20336
TA.H64A.z -69.2203 44.6412 3.92711
TA.U60A.z -77.1596 36.4718 4.01995
TA.Y59A.z -78.8737 33.9897 4.00807
TA.K48A.z -84.1197 42.8032 4.01979
TA.F61A.z -70.9921 45.9743 3.98125
TA.O49A.z -84.3353 40.188 4.03163
TA.R47A.z -86.527 38.2957 4.49067
TA.061Z.z -80.907 25.8657 3.92681
TA.K56A.z -77.3244 42.6981 4.00223
TA.Z58A.z -79.8129 33.3349 4.01816
TA.F58A.z -73.8145 45.8663 4.00969
TA.W52A.z -83.9277 35.0935 3.94208
TA.J59A.z -74.5041 43.4647 3.99856
TA.455A.z -83.026 30.7422 3.91326
TA.P51A.z -83.0601 39.4818 3.99043
TA.Q59A.z -76.6548 38.8644 4.00869
TA.E58A.z -73.2771 46.3721 4.03653
TA.X53A.z -83.3013 34.5031 3.98325
TA.M53A.z -80.675 41.4393 3.96377
TA.L50A.z -82.8095 42.043 3.96076
TA.G59A.z -73.1809 45.0807 3.99235
TA.T60A.z -76.7349 37.1397 3.99487
TA.S58A.z -78.0511 37.6126 4.05372
TA.L46A.z -86.2955 42.0127 4.03938
TA.J61A.z -72.5535 43.3462 3.89737
TA.N48A.z -85.0271 40.8591 4.00525
TA.Q56A.z -79.1871 39.041 3.91128
TA.R50A.z -84.3274 38.2816 3.9924
TA.S45A.z -88.5804 37.6774 4.46738
TA.D48A.z -81.8072 47.1743 4.02077
TA.S51A.z -83.5935 37.6392 3.93702
TA.T51A.z -83.9454 36.9655 4.00699
TA.Y48A.z -87.1696 33.9131 4.17041
TA.N50A.z -83.1486 40.7711 3.99109
TA.L61A.z -73.5543 42.1934 3.89185
TA.E53A.z -77.6638 46.3784 3.99246
TA.L61B.z -72.6802 42.4498 3.9237
TA.D50A.z -79.8412 47.1668 3.97546
TA.L59A.z -75.0426 42.1902 4.02114
TA.D46A.z -84.0357 46.891 4.04856
TA.Y57A.z -80.3915 34.017 4.05463
TA.K63A.z -71.5283 42.6888 4.00557
TA.V56A.z -80.4963 35.8097 4.02644
TA.N43A.z -89.1735 40.9394 4.47239
TA.157A.z -80.9972 32.678 3.98041
TA.253A.z -84.1294 32.0612 3.94006
TA.Z57A.z -80.7039 33.297 3.99765
TA.J54A.z -78.6392 43.2728 3.96325
TA.062Z.z -81.0523 24.7266 3.98429
TA.553A.z -84.4317 30.189 3.87914
TA.450A.z -86.5863 30.8038 3.78533
TA.Y52A.z -84.0626 33.864 3.98575
TA.P54A.z -80.4796 39.602 3.93849
TA.Z49A.z -86.5311 33.1942 4.37632
TA.U52A.z -83.3671 36.3929 4.00961
TA.V49A.z -85.903 35.7663 4.05672
TA.M62A.z -72.8939 41.4423 3.97386
TA.E44A.z -85.9214 46.6199 4.04712
TA.T58A.z -78.5338 36.9454 4.03513
TA.O51A.z -82.6056 40.147 4.01382
TA.K52A.z -80.7139 42.7805 3.99337
TA.W56A.z -80.5828 35.135 4.02794
TA.V52A.z -83.5959 35.8417 3.98728
TA.Q49A.z -84.8956 39.005 4.01007
TA.N47A.z -85.6942 40.8801 3.99755
TA.L62A.z -72.6617 42.0328 3.96896
TA.E54A.z -77.1869 46.4339 4.07545
TA.D53A.z -77.7001 47.0795 4.04029
TA.L54A.z -79.3162 42.2345 3.97045
TA.356A.z -82.1275 31.3247 4.00191
TA.Y50A.z -85.7347 33.8911 4.17646
TA.P61A.z -74.7919 39.6734 4.00887
TA.I53A.z -79.5912 43.8238 4.0184
TA.R54A.z -80.9904 38.1809 3.97967
TA.V55A.z -81.2149 35.8518 3.98237
TA.W61A.z -76.9909 35.1773 4.09577
TA.457A.z -81.5563 30.6199 4.03617
TA.V62A.z -75.957 35.5612 4.03246
TA.D62A.z -69.0501 47.0819 3.99462
TA.657A.z -81.8665 29.5852 3.95553
TA.G62A.z -70.5319 45.2186 3.93944
TA.F44A.z -86.4226 45.9737 4.32678
TA.D54A.z -76.657 47.152 4.02174
TA.T48A.z -86.3943 37.1094 4.12103
TA.X58A.z -79.3388 34.5548 4.02141
TA.H61A.z -71.9271 44.5339 3.89846
TA.N57A.z -77.5509 40.7556 3.99898
TA.H59A.z -73.6905 44.6455 3.96318
TA.E43A.z -86.9954 46.3758 3.69445
TA.R44A.z -89.0809 38.2475 4.15139
TA.O48A.z -85.1553 40.2571 4.04522
TA.K47A.z -84.9993 42.6704 4.06391
TA.257A.z -81.0261 31.9746 3.98029
TA.K57A.z -76.5163 42.7313 3.97558
TA.454A.z -83.6302 30.7145 3.94648
TA.W53A.z -83.163 35.1696 3.9781
TA.J58A.z -75.2852 43.3603 4.01365
TA.658A.z -81.2578 29.422 4.00334
TA.P50A.z -83.7988 39.6086 3.98888
TA.M54A.z -79.6647 41.5079 3.93734
TA.L53A.z -80.2598 41.9539 3.96494
TA.X56A.z -81.0319 34.4923 4.00644
TA.M66A.z -70.1353 41.259 4.01757
TA.L43A.z -88.7423 42.1833 4.1847
TA.T55A.z -80.7843 37.117 4.00393
TA.I58A.z -74.9733 43.6901 4.03589
TA.H57A.z -75.3905 44.4624 4.00076
TA.L58A.z -75.8502 42.0447 4.01056
TA.I62A.z -71.3359 43.8743 4.00221
TA.H47A.z -84.2062 44.5994 3.96869
TA.E48A.z -82.1653 46.4809 4.09843
TA.148A.z -87.571 32.6469 3.84132
TA.Q53A.z -81.5251 38.8586 3.94244
TA.S61A.z -75.6727 37.6804 4.01653
TA.N61A.z -74.2969 40.7519 3.97737
TA.O55A.z -79.3041 40.2076 3.91189
TA.S56A.z -79.5662 37.6771 3.9227
TA.U57A.z -79.3364 36.4319 4.04937
TA.F55A.z -76.351 45.8338 4.0057
TA.F41A.z -89.1046 45.7387 3.79148
TA.G61A.z -71.5273 45.2827 3.88926
TA.N53A.z -80.8377 40.8065 3.93191
TA.D57A.z -73.8878 47.0172 4.02479
TA.D47A.z -83.1038 47.0558 4.01962
TA.P48A.z -85.4258 39.4605 4.06165
TA.M43A.z -88.9581 41.4365 4.29393
TA.E50A.z -80.7378 46.4232 3.98076
TA.K62A.z -72.2345 42.6651 3.9602
TA.958A.z -81.7543 27.5855 3.92869
TA.J45A.z -86.3889 43.4354 4.02001
TA.857A.z -82.2291 28.267 4.02672
TA.352A.z -84.9274 31.4793 4.00648
TA.I47A.z -84.5096 44.0193 4.05223
TA.H62A.z -71.1559 44.5743 3.91033
TA.Y54A.z -82.688 33.8621 4.03037
TA.I57A.z -75.6599 43.9377 4.00237
TA.V51A.z -84.3511 35.8033 3.94991
TA.KMSC.z -81.3333 35.142 3.98459
TA.150A.z -86.022 32.6067 4.26723
TA.K58A.z -75.6473 42.7633 3.97635
TA.Z52A.z -84.4176 33.1893 3.93871
TA.U49A.z -85.7796 36.5129 3.99138
TA.859A.z -80.8984 28.0592 4.03189
TA.F52A.z -79.3227 45.7951 4.03053
TA.R61A.z -75.339 38.3303 4.02307
TA.F48A.z -82.6185 45.8278 4.04055
TA.453A.z -84.3197 30.8541 4.00063
TA.P57A.z -78.0126 39.4835 3.97773
TA.P47A.z -86.2699 39.4869 4.17769
TA.H65A.z -68.2469 44.6961 4.01237
TA.U53A.z -82.5765 36.3644 3.99034
TA.M61A.z -73.7673 41.3104 4.00475
TA.W48A.z -86.9333 35.1386 4.18802
TA.S52A.z -83.0784 37.6791 3.93564
TA.T46A.z -87.8941 37.0417 4.25443
TA.E47A.z -83.2777 46.4547 4.05586
TA.K43A.z -88.332 42.7044 4.38903
TA.W47A.z -87.5946 35.2511 4.14888
TA.O52A.z -81.8361 40.1158 4.06927
TA.W57A.z -79.9928 35.1529 3.99109
TA.U58A.z -78.5493 36.3944 4.01704
TA.E59A.z -72.5108 46.4803 4.03269
TA.Y49A.z -86.4119 33.8577 4.01409
TA.X52A.z -83.8938 34.6032 3.93172
TA.E61A.z -70.489 46.4312 3.9778
TA.E63A.z -68.422 46.422 4.00209
TA.L47A.z -85.2021 41.9756 4.06409
TA.S59A.z -77.2942 37.762 4.05445
TA.M50A.z -83.0428 41.4035 3.98295
TA.H53A.z -78.5832 44.5736 4.02608
TA.J62A.z -71.8127 43.2262 3.99677
TA.H43A.z -87.7704 44.4697 3.84701
TA.Q47A.z -86.4261 38.9362 4.48254
TA.Q57A.z -78.4107 39.0353 3.91602
TA.R53A.z -81.9522 38.3307 3.95294
TA.N49A.z -84.1825 40.922 3.96009
TA.D49A.z -81.3562 47.2726 4.02107
TA.G53A.z -78.6237 45.1222 4.06514
TA.957A.z -82.2357 27.6702 4.12544
TA.Z51A.z -85.1747 33.3167 4.02715
TA.F51A.z -79.915 45.9284 4.00266
TA.F45A.z -85.5156 45.6837 4.02831
TA.G65A.z -67.5632 45.2002 3.9494
TA.D63A.z -68.1066 47.037 4.01676
TA.SFIN.z -87.0967 40.379 4.3744
TA.656A.z -82.5348 29.3689 4.05722
TA.554A.z -83.6836 30.0841 3.84076
TA.P44A.z -88.6209 39.4676 4.35159
TA.M47A.z -85.6214 41.3594 4.07659
TA.H66A.z -67.3115 44.7859 4.00755
TA.H58A.z -74.1798 44.4176 3.98904
TA.I43A.z -88.146 43.8844 3.82424
TA.V48A.z -86.8219 35.74 4.02767
TA.Z56A.z -81.3687 33.3253 3.99937
TA.252A.z -84.7357 31.9962 3.95798
TA.154A.z -83.1066 32.6131 4.01376
TA.K54A.z -78.6908 42.6097 3.98396
TA.J49A.z -83.1389 43.36 4.01302
TA.W50A.z -85.3119 35.2002 3.987
TA.J57A.z -75.9968 43.4099 3.96656
TA.P53A.z -81.3896 39.4868 3.97611
TA.P43A.z -89.5213 39.6409 4.24146
TA.349A.z -87.1924 31.3504 4.14622
TA.G57A.z -74.9855 45.1036 4.00568
TA.X55A.z -81.6336 34.4701 4.00391
TA.M49A.z -83.9752 41.4745 4.02023
TA.059A.z -81.144 26.9671 3.93811
TA.T54A.z -81.5762 37.0608 3.95305
TA.L44A.z -87.9119 42.1782 3.75232
TA.M55A.z -78.7649 41.4686 3.95179
TA.Y60A.z -78.2163 34.0046 4.08276
TA.060Z.z -80.556 26.4062 3.92908
TA.H56A.z -76.2594 44.593 4.01221
TA.M65A.z -70.6466 41.562 3.95311
TA.059Z.z -81.4432 26.3373 3.97283
TA.Q50A.z -83.979 38.8436 3.98693
TA.I61A.z -72.2087 43.9323 3.95995
TA.S47A.z -86.8779 37.5946 3.9651
TA.N62A.z -73.4677 40.9313 4.06286
TA.J48A.z -83.7849 43.2986 4.01904
TA.U54A.z -81.8204 36.5209 3.97448
TA.S57A.z -78.9536 37.7605 3.96438
TA.T53A.z -82.535 36.9823 3.93993
TA.O56A.z -78.5663 40.2683 3.96923
TA.Q48A.z -85.7311 38.9295 4.03798
TA.N56A.z -78.2953 40.9171 3.99211
TA.449A.z -87.2151 30.7596 4.02867
TA.L63A.z -71.6095 41.8631 3.99257
TA.D52A.z -78.4117 46.9764 4.03465
TA.N44A.z -88.1333 40.7953 3.76353
TA.E55A.z -76.0572 46.4538 3.99978
TA.K61A.z -73.2676 42.6695 3.84886
TA.357A.z -81.4855 31.4239 4.01864
TA.J46A.z -85.6466 43.3478 4.05422
TA.S49A.z -85.2875 37.7849 3.88294
TA.X48A.z -87.0452 34.4517 3.85149
TA.Y51A.z -85.064 33.8993 3.97137
TA.T49A.z -85.5334 37.105 3.92906
TA.N59A.z -75.7703 40.9168 3.94077
TA.254A.z -83.2905 31.9457 4.02113
TA.D59A.z -71.8358 47.0073 4.00997
TA.V54A.z -81.9478 35.7771 4.01005
TA.V46A.z -88.1177 35.8007 4.29358
TA.W60A.z -77.7133 35.0528 4.01625
TA.R57A.z -78.5232 38.297 3.92609
TA.858A.z -81.3616 28.2126 3.96991
TA.Z55A.z -82.1359 33.2211 4.02919
TA.K59A.z -74.8525 42.775 3.94889
TA.Y53A.z -83.5836 33.8554 4.03144
TA.F64A.z -68.3496 45.8633 3.98538
TA.U48A.z -86.5402 36.5107 4.06774
TA.O58A.z -76.9228 40.1231 4.02705
TA.T50A.z -84.8384 37.0204 3.9657
TA.J52A.z -80.4764 43.2407 3.98611
TA.452A.z -85.183 30.8492 3.68597
TA.F49A.z -82.0423 45.7627 4.02913
TA.O61A.z -74.553 40.0934 3.9661
TA.P56A.z -78.8386 39.5044 3.90221
TA.Q61A.z -75.3256 38.8799 4.01896
TA.E42A.z -87.914 46.4301 3.53865
TA.R59A.z -77.1164 38.2005 4.02171
TA.F63A.z -69.1029 45.703 3.98428
TA.158A.z -80.1935 32.7364 3.98912
TA.R45A.z -88.2812 38.2926 4.25192
TA.K46A.z -85.7834 42.6864 4.09168
TA.L42A.z -89.667 42.004 4.41104
TA.K50A.z -82.6231 42.7749 3.96573
TA.W54A.z -82.1859 35.0857 3.98629
TA.S60A.z -76.6535 37.7055 3.97155
TA.L64A.z -70.8391 41.9359 3.98749
TA.L56A.z -77.5591 42.1365 3.9682
TA.E56A.z -75.0341 46.5436 4.00339
TA.M51A.z -82.1831 41.3321 3.99496
TA.E60A.z -71.4469 46.3689 3.99119
TA.X51A.z -84.8574 34.5658 3.94657
TA.I49A.z -82.8246 43.94 4.00666
TA.H52A.z -79.8888 44.6422 4.09703
TA.L48A.z -84.4329 41.9438 4.04351
TA.J63A.z -71.0781 43.2792 3.95759
TA.R52A.z -82.6443 38.3366 3.93238
TA.G42A.z -88.4277 45.2418 3.71569
TA.Q54A.z -80.8338 38.9836 3.90653
TA.O44A.z -88.4671 40.1526 4.40676
TA.G54A.z -78.0898 45.3979 4.00771
TA.R48A.z -85.8714 38.4001 4.142
TA.V60A.z -77.2629 35.765 3.99988
TA.N52A.z -81.6876 40.8125 4.04165
TA.F46A.z -84.7586 45.7737 4.15495
TA.G60A.z -72.3337 45.0977 3.88285
TA.757A.z -82.0685 28.9413 4.21086
TA.V59A.z -78.2394 35.7649 4.03785
TA.D56A.z -74.7568 47.0485 4.01605
TA.655A.z -83.2552 29.5107 3.92184
TA.G47A.z -83.8551 45.173 4.0291
TA.E51A.z -79.4924 46.5333 4.02417
TA.P49A.z -84.7164 39.5342 4.03924
TA.X60A.z -77.9768 34.5773 4.02093
TA.353A.z -84.2172 31.3474 4.00676
TA.J42A.z -89.1234 43.3179 4.4893
TA.Y55A.z -81.8581 33.9375 4.04221
TA.959A.z -80.8791 27.524 4.01582
TA.H63A.z -70.0353 44.6616 3.95182
TA.M58A.z -76.4603 41.3721 3.95829
TA.I46A.z -85.4472 43.9411 4.01971
TA.V50A.z -85.1 35.6713 3.99462
TA.N55A.z -78.9862 40.7808 3.93143
TA.060A.z -80.3618 27.0361 4.03347
TA.E41A.z -88.9636 46.4643 3.87583
TA.155A.z -82.4665 32.6219 3.96869
TA.F60A.z -71.9514 45.9688 3.95359
TA.K49A.z -83.4556 42.7835 3.98133
TA.249A.z -87.1225 31.9752 3.80506
TA.Z59A.z -79.278 33.2414 4.05768
TA.K55A.z -78.0696 42.7278 3.96352
TA.J56A.z -76.8579 43.276 3.92692
TA.F59A.z -72.7833 45.8513 3.97135
TA.456A.z -82.0223 30.7248 3.95749
TA.W51A.z -84.7599 35.1606 4.00965
TA.G45A.z -85.6571 45.0404 3.99117
TA.P52A.z -82.1325 39.6337 4.04182
TA.S53A.z -82.1264 37.6815 3.91474
TA.T57A.z -79.2538 36.9983 4.03123
TA.X46A.z -88.5844 34.5564 3.85182
TA.M56A.z -78.1826 41.4837 3.96312
TA.T47A.z -87.1055 36.9881 4.09744
TA.151A.z -85.3267 32.5269 4.27192
TA.M60A.z -74.625 41.3265 3.99457
TA.251A.z -85.409 32.0929 4.08216
TA.E46A.z -84.3062 46.3665 4.00697
TA.E62A.z -69.5227 46.6201 4.02526
TA.H45A.z -86.044 44.6232 3.97472
TA.I64A.z -69.6347 43.9197 3.99263
TA.K42A.z -89.3457 42.7792 4.16484
TA.W46A.z -88.3783 35.1333 3.80059
TA.O43A.z -89.313 40.2856 4.33062
TA.U59A.z -77.7925 36.3526 4.01631
TA.I59A.z -73.8744 43.7957 3.92155
TA.255A.z -82.4758 31.9263 4.00006
TA.S54A.z -81.3114 37.7997 3.99401
TA.U61A.z -76.4464 36.3319 4.01729
TA.W58A.z -79.2333 35.0208 3.9542
TA.N51A.z -82.3748 40.9183 4.03358
TA.F43A.z -87.1694 45.8313 4.14547
TA.N45A.z -87.5118 40.8479 3.71942
TA.D51A.z -79.3733 47.0904 4.0071
TA.E52A.z -78.6569 46.2851 4.00457
TA.L60A.z -74.2226 41.989 3.92334
TA.S48A.z -86.0569 37.6574 4.13105
TA.350A.z -86.3353 31.4207 3.8114
TA.K60A.z -73.8886 42.6168 3.8947
TA.J47A.z -84.8214 43.2382 4.04064
TA.Y56A.z -81.3047 33.7922 4.03054
TA.X49A.z -86.326 34.5126 3.97118
TA.N58A.z -76.7158 40.8396 3.96065
TA.I45A.z -86.2348 44.0361 3.98067
TA.H48A.z -83.3249 44.7006 3.96388
TA.V57A.z -79.7758 35.8875 3.98917
TA.I51A.z -81.0231 43.8036 3.98728
TA.L57A.z -76.8492 42.0005 3.9934
TA.R56A.z -79.4031 38.4071 3.87398
TA.O53A.z -81.2129 40.2493 4.02404
TA.G46A.z -84.8621 45.3176 3.97309
TA.Q58A.z -77.682 38.9413 3.99063
TA.D58A.z -72.8826 47.0954 4.04179
TA.152A.z -84.7188 32.6686 4.01023
TA.Z50A.z -85.9226 33.254 4.08686
TA.U47A.z -87.2892 36.4413 3.78901
TA.G64A.z -68.7558 45.2527 3.97153
TA.555A.z -82.9666 30.1212 3.99032
TA.556A.z -82.4057 30.0015 3.96221
TA.D60A.z -70.9237 46.9139 4.01236
TA.P59A.z -76.4327 39.6101 4.00341
TA.M46A.z -86.3524 41.4079 4.3093
TA.I42A.z -88.9134 43.8908 4.48326
TA.U55A.z -81.0472 36.5023 3.99334
TA.M63A.z -72.0464 41.4038 4.03971
TA.E45A.z -85.1774 46.3563 4.18576
TA.R58B.z -77.8787 37.9636 4.00967
TA.R58A.z -78.0034 38.2989 4.01286
TA.K51A.z -81.5082 42.7223 3.97689
TA.T59A.z -77.5541 36.9716 4.01722
TA.O50A.z -83.6199 40.1468 4.00266
TA.U50A.z -84.8431 36.4156 3.96651
TA.058A.z -81.8049 27.0569 3.98909
TA.M48A.z -84.7171 41.4846 4.03824
TA.M52A.z -81.357 41.5405 3.99897
TA.X54A.z -82.3743 34.5474 3.9957
TA.G58A.z -74.054 45.1492 4.0098
TA.M64A.z -71.2102 41.5509 4.01487
TA.H55A.z -77.183 44.5505 4.00866
TA.J60A.z -73.4212 43.2438 3.90226
TA.I60A.z -73.2916 43.844 3.91107
TA.W49A.z -86.2645 35.1194 3.98702
TA.Q51A.z -83.3456 39.026 4.00509
TA.R51A.z -83.5834 38.3001 4.0208
TA.N63A.z -72.5206 40.9878 4.09139
TA.O47A.z -86.1742 40.2361 3.98425
TA.S46A.z -87.7153 37.6849 3.86986
TA.O57A.z -77.6354 40.2104 4.01737
TA.S50A.z -84.4003 37.679 4
TA.T52A.z -82.9852 37.1076 3.99467
TA.V61A.z -76.5776 35.7912 4.05347
TA.F57A.z -74.6928 45.8122 4.0141
TA.G63A.z -69.6186 45.1147 3.96366
TA.E64A.z -67.8285 46.4184 3.97093
TA.V58A.z -79.115 35.794 3.97964
TA.758A.z -81.1996 28.9621 4.17226
TA.D55A.z -75.4732 47.019 4.08308
TA.M45A.z -87.2504 41.3881 4.46078
TA.M59A.z -75.4321 41.5413 3.992
TA.H60A.z -72.6986 44.5606 3.94681
TA.X59A.z -78.6023 34.572 4.00983
TA.I41A.z -89.8697 44.0592 4.07193
TA.I55A.z -77.6817 44.2161 4.01237
TA.F62A.z -69.9664 45.8968 3.97287
TA.N54A.z -79.9892 40.9617 3.93417
TA.156A.z -81.495 32.6542 3.97566
TA.Z54A.z -82.8417 33.2362 4.08385
TA.250A.z -86.2677 31.9778 4.04526
TA.O59A.z -76.1859 40.3114 3.99873
TA.J55A.z -77.8167 43.2657 4.01553
TA.451A.z -85.7467 30.616 3.75808
TA.552A.z -85.2938 30.1327 4.12914
TA.O60A.z -75.405 40.3177 3.95079
TA.P55A.z -79.8265 39.5078 3.9537
TA.Q60A.z -75.8429 39.0016 4.00916
