TA.T56A.z -80.0311 37.0288 3.96155
TA.L42A.z -89.667 42.004 4.20537
TA.X57A.z -80.094 34.4643 3.94462
TA.M57A.z -77.128 41.3372 3.96045
TA.U51A.z -84.0165 36.3786 3.92946
TA.X47A.z -87.8571 34.5178 4.01645
TA.TIGA.z -83.5898 31.4389 3.97319
TA.F63A.z -69.1029 45.703 3.93724
TA.H46A.z -85.2034 44.5397 4.00332
TA.I63A.z -70.5809 44.0505 3.94409
TA.149A.z -86.7916 32.5983 3.91552
TA.Q52A.z -82.2669 38.9622 3.95928
TA.N60A.z -75.1 40.8704 3.97471
TA.O54A.z -80.3778 40.1821 3.90482
TA.S55A.z -80.5013 37.7724 3.87933
TA.U56A.z -80.3829 36.3472 3.98599
TA.W59A.z -78.443 35.1673 3.99172
TA.N46A.z -86.7352 40.8949 4.14778
TA.V53A.z -82.8124 35.6694 3.96968
TA.L65A.z -70.0528 42.0295 3.98227
TA.E57A.z -74.1471 46.4117 4.02613
TA.X50B.z -85.6499 34.4611 3.89833
TA.355A.z -82.8518 31.3438 4.00217
TA.L55A.z -78.4368 42.1831 3.94971
TA.I48A.z -83.7022 44.1873 3.93218
TA.G46A.z -84.8621 45.3176 3.96027
TA.L49A.z -83.7672 42.1088 3.95905
TA.P60A.z -75.6358 39.8113 3.96417
TA.I52A.z -80.177 44.068 3.97429
TA.Q55A.z -80.0812 38.9952 3.84349
TA.R55A.z -80.1195 38.2825 3.7843
TA.G41A.z -89.1816 45.2118 4.37384
TA.R49A.z -85.1714 38.2916 3.96065
TA.G55A.z -76.7187 45.2532 3.99077
TA.U46A.z -88.1773 36.359 4.29322
TA.Z53A.z -83.5713 33.2801 4.06226
TA.153A.z -83.8316 32.6499 3.97663
TA.R60A.z -76.5807 38.2684 3.94782
TA.D61A.z -70.1868 47.2022 3.96297
TA.557A.z -81.7291 30.016 3.81201
TA.P58A.z -77.3005 39.4891 3.96559
TA.P46A.z -87.2067 39.6178 3.98932
TA.H64A.z -69.2203 44.6412 3.90717
TA.U60A.z -77.1596 36.4718 3.98531
TA.Y59A.z -78.8737 33.9897 3.99083
TA.K48A.z -84.1197 42.8032 3.96824
TA.254A.z -83.2905 31.9457 3.9709
TA.O49A.z -84.3353 40.188 3.97139
TA.R47A.z -86.527 38.2957 4.32208
TA.061Z.z -80.907 25.8657 3.94753
TA.K56A.z -77.3244 42.6981 3.95173
TA.Z58A.z -79.8129 33.3349 4.02779
TA.F58A.z -73.8145 45.8663 3.99497
TA.W52A.z -83.9277 35.0935 3.90968
TA.J59A.z -74.5041 43.4647 3.96077
TA.455A.z -83.026 30.7422 3.96142
TA.P51A.z -83.0601 39.4818 3.92777
TA.Q59A.z -76.6548 38.8644 3.95762
TA.E58A.z -73.2771 46.3721 3.99403
TA.X53A.z -83.3013 34.5031 3.90317
TA.M53A.z -80.675 41.4393 3.92834
TA.L50A.z -82.8095 42.043 3.91598
TA.G59A.z -73.1809 45.0807 3.92078
TA.T60A.z -76.7349 37.1397 3.98134
TA.S58A.z -78.0511 37.6126 3.99683
TA.L46A.z -86.2955 42.0127 4.00389
TA.J61A.z -72.5535 43.3462 3.86802
TA.N48A.z -85.0271 40.8591 4.01177
TA.H42A.z -88.5311 44.5091 4.31031
TA.Q56A.z -79.1871 39.041 3.84304
TA.R50A.z -84.3274 38.2816 3.95663
TA.S45A.z -88.5804 37.6774 4.14995
TA.D48A.z -81.8072 47.1743 4.00662
TA.S51A.z -83.5935 37.6392 3.93218
TA.T51A.z -83.9454 36.9655 3.93383
TA.Y48A.z -87.1696 33.9131 3.79028
TA.N50A.z -83.1486 40.7711 3.92416
TA.L61A.z -73.5543 42.1934 3.85123
TA.E53A.z -77.6638 46.3784 3.99008
TA.L61B.z -72.6802 42.4498 3.90798
TA.D50A.z -79.8412 47.1668 3.99545
TA.351A.z -85.6036 31.2753 3.93179
TA.L59A.z -75.0426 42.1902 3.97078
TA.D46A.z -84.0357 46.891 3.98688
TA.Y57A.z -80.3915 34.017 4.00337
TA.K63A.z -71.5283 42.6888 3.95356
TA.V56A.z -80.4963 35.8097 3.98315
TA.N43A.z -89.1735 40.9394 4.23168
TA.157A.z -80.9972 32.678 3.97618
TA.253A.z -84.1294 32.0612 3.92067
TA.Z57A.z -80.7039 33.297 3.9802
TA.J54A.z -78.6392 43.2728 3.95662
TA.062Z.z -81.0523 24.7266 3.98645
TA.553A.z -84.4317 30.189 3.88619
TA.450A.z -86.5863 30.8038 3.84811
TA.Y52A.z -84.0626 33.864 3.9122
TA.P54A.z -80.4796 39.602 3.87711
TA.Z49A.z -86.5311 33.1942 4.06965
TA.U52A.z -83.3671 36.3929 3.9241
TA.T45A.z -88.6447 37.0196 4.32341
TA.M62A.z -72.8939 41.4423 4.01441
TA.E44A.z -85.9214 46.6199 4.27875
TA.T58A.z -78.5338 36.9454 4.00402
TA.O51A.z -82.6056 40.147 4.00297
TA.K52A.z -80.7139 42.7805 3.94353
TA.W56A.z -80.5828 35.135 3.99254
TA.V52A.z -83.5959 35.8417 3.94776
TA.Q49A.z -84.8956 39.005 3.98376
TA.N47A.z -85.6942 40.8801 4.04635
TA.L62A.z -72.6617 42.0328 3.98109
TA.E54A.z -77.1869 46.4339 3.99204
TA.D53A.z -77.7001 47.0795 4.00112
TA.L54A.z -79.3162 42.2345 3.981
TA.356A.z -82.1275 31.3247 3.98617
TA.Y50A.z -85.7347 33.8911 3.98462
TA.P61A.z -74.7919 39.6734 3.97955
TA.I53A.z -79.5912 43.8238 3.94271
TA.R54A.z -80.9904 38.1809 3.9311
TA.V55A.z -81.2149 35.8518 3.94609
TA.W61A.z -76.9909 35.1773 4.0484
TA.457A.z -81.5563 30.6199 3.92522
TA.V62A.z -75.957 35.5612 4.0087
TA.D62A.z -69.0501 47.0819 3.98625
TA.657A.z -81.8665 29.5852 4.02758
TA.G62A.z -70.5319 45.2186 3.90849
TA.F44A.z -86.4226 45.9737 3.8956
TA.D54A.z -76.657 47.152 4.0254
TA.T48A.z -86.3943 37.1094 3.84617
TA.M44A.z -88.0432 41.3882 3.50643
TA.X58A.z -79.3388 34.5548 3.99156
TA.H61A.z -71.9271 44.5339 3.88965
TA.N57A.z -77.5509 40.7556 3.95243
TA.H59A.z -73.6905 44.6455 3.94513
TA.E43A.z -86.9954 46.3758 4.2161
TA.R44A.z -89.0809 38.2475 3.85202
TA.O48A.z -85.1553 40.2571 4.06298
TA.K47A.z -84.9993 42.6704 4.00615
TA.257A.z -81.0261 31.9746 3.97013
TA.K57A.z -76.5163 42.7313 3.95523
TA.454A.z -83.6302 30.7145 3.97053
TA.W53A.z -83.163 35.1696 3.94085
TA.J58A.z -75.2852 43.3603 3.98286
TA.658A.z -81.2578 29.422 3.99852
TA.P50A.z -83.7988 39.6086 3.91227
TA.M54A.z -79.6647 41.5079 3.89204
TA.L53A.z -80.2598 41.9539 3.92883
TA.X56A.z -81.0319 34.4923 4.02929
TA.M66A.z -70.1353 41.259 3.90999
TA.L43A.z -88.7423 42.1833 4.1502
TA.T55A.z -80.7843 37.117 3.94127
TA.I58A.z -74.9733 43.6901 3.97113
TA.H57A.z -75.3905 44.4624 4.00023
TA.L58A.z -75.8502 42.0447 3.99333
TA.I62A.z -71.3359 43.8743 3.95269
TA.H47A.z -84.2062 44.5994 3.97727
TA.E48A.z -82.1653 46.4809 4.02621
TA.Q53A.z -81.5251 38.8586 3.93173
TA.V59A.z -78.2394 35.7649 4.013
TA.N61A.z -74.2969 40.7519 4.02185
TA.O55A.z -79.3041 40.2076 3.94518
TA.S56A.z -79.5662 37.6771 3.84407
TA.U57A.z -79.3364 36.4319 4.08696
TA.F55A.z -76.351 45.8338 3.982
TA.F41A.z -89.1046 45.7387 4.16264
TA.G61A.z -71.5273 45.2827 3.89304
TA.N53A.z -80.8377 40.8065 3.93226
TA.D57A.z -73.8878 47.0172 3.99786
TA.D47A.z -83.1038 47.0558 4.00008
TA.P48A.z -85.4258 39.4605 4.0358
TA.M43A.z -88.9581 41.4365 4.29413
TA.E50A.z -80.7378 46.4232 4.001
TA.K62A.z -72.2345 42.6651 3.91398
TA.958A.z -81.7543 27.5855 3.81736
TA.J45A.z -86.3889 43.4354 4.04298
TA.857A.z -82.2291 28.267 3.90335
TA.352A.z -84.9274 31.4793 3.94056
TA.I47A.z -84.5096 44.0193 3.97806
TA.H62A.z -71.1559 44.5743 3.92425
TA.Y54A.z -82.688 33.8621 3.9934
TA.I57A.z -75.6599 43.9377 3.96897
TA.V51A.z -84.3511 35.8033 3.9022
TA.KMSC.z -81.3333 35.142 4.01452
TA.150A.z -86.022 32.6067 4.11349
TA.K58A.z -75.6473 42.7633 3.97688
TA.Z52A.z -84.4176 33.1893 3.9255
TA.U49A.z -85.7796 36.5129 3.96707
TA.859A.z -80.8984 28.0592 3.92615
TA.F52A.z -79.3227 45.7951 4.01278
TA.R61A.z -75.339 38.3303 3.97852
TA.F48A.z -82.6185 45.8278 3.98195
TA.453A.z -84.3197 30.8541 3.9246
TA.P57A.z -78.0126 39.4835 3.93567
TA.P47A.z -86.2699 39.4869 4.22803
TA.H65A.z -68.2469 44.6961 4.00175
TA.U53A.z -82.5765 36.3644 3.88217
TA.M61A.z -73.7673 41.3104 4.02684
TA.W48A.z -86.9333 35.1386 3.93131
TA.S52A.z -83.0784 37.6791 3.97891
TA.T46A.z -87.8941 37.0417 4.1365
TA.E47A.z -83.2777 46.4547 4.01692
TA.W47A.z -87.5946 35.2511 4.14007
TA.O52A.z -81.8361 40.1158 3.9831
TA.W57A.z -79.9928 35.1529 3.96284
TA.U58A.z -78.5493 36.3944 4.02682
TA.E59A.z -72.5108 46.4803 3.98442
TA.Y49A.z -86.4119 33.8577 4.03809
TA.X52A.z -83.8938 34.6032 3.83146
TA.E61A.z -70.489 46.4312 3.93016
TA.G58A.z -74.054 45.1492 3.97711
TA.L47A.z -85.2021 41.9756 4.10512
TA.S59A.z -77.2942 37.762 3.94525
TA.M50A.z -83.0428 41.4035 3.90932
TA.H53A.z -78.5832 44.5736 4.00185
TA.J62A.z -71.8127 43.2262 3.94497
TA.Y58A.z -79.6665 33.9057 3.98256
TA.Q57A.z -78.4107 39.0353 3.9029
TA.R53A.z -81.9522 38.3307 3.94291
TA.N49A.z -84.1825 40.922 3.94016
TA.G43A.z -87.6861 45.2572 3.87677
TA.D49A.z -81.3562 47.2726 3.94056
TA.S44A.z -89.2551 37.6936 4.05981
TA.957A.z -82.2357 27.6702 4.0907
TA.Z51A.z -85.1747 33.3167 3.91745
TA.F51A.z -79.915 45.9284 3.97918
TA.F45A.z -85.5156 45.6837 3.97956
TA.G65A.z -67.5632 45.2002 3.98175
TA.D63A.z -68.1066 47.037 4.06993
TA.SFIN.z -87.0967 40.379 4.19641
TA.656A.z -82.5348 29.3689 3.99155
TA.554A.z -83.6836 30.0841 4.00348
TA.P44A.z -88.6209 39.4676 4.06278
TA.M47A.z -85.6214 41.3594 3.96477
TA.H66A.z -67.3115 44.7859 3.99807
TA.H58A.z -74.1798 44.4176 3.97672
TA.I43A.z -88.146 43.8844 4.11763
TA.V48A.z -86.8219 35.74 3.76551
TA.Z56A.z -81.3687 33.3253 4.01969
TA.252A.z -84.7357 31.9962 3.96984
TA.154A.z -83.1066 32.6131 3.99991
TA.K54A.z -78.6908 42.6097 3.96732
TA.J49A.z -83.1389 43.36 4.01323
TA.W50A.z -85.3119 35.2002 3.953
TA.J57A.z -75.9968 43.4099 3.9513
TA.P53A.z -81.3896 39.4868 3.9666
TA.P43A.z -89.5213 39.6409 4.11736
TA.349A.z -87.1924 31.3504 4.04476
TA.G57A.z -74.9855 45.1036 3.98102
TA.X55A.z -81.6336 34.4701 4.01469
TA.M49A.z -83.9752 41.4745 3.98897
TA.059A.z -81.144 26.9671 3.90074
TA.T54A.z -81.5762 37.0608 3.95367
TA.L44A.z -87.9119 42.1782 4.12274
TA.M55A.z -78.7649 41.4686 3.94077
TA.Y60A.z -78.2163 34.0046 4.01809
TA.060Z.z -80.556 26.4062 3.98754
TA.H56A.z -76.2594 44.593 3.98044
TA.M65A.z -70.6466 41.562 3.97443
TA.059Z.z -81.4432 26.3373 3.94207
TA.Q50A.z -83.979 38.8436 3.89486
TA.I61A.z -72.2087 43.9323 3.9116
TA.S47A.z -86.8779 37.5946 3.82626
TA.N62A.z -73.4677 40.9313 4.07725
TA.J48A.z -83.7849 43.2986 3.94286
TA.U54A.z -81.8204 36.5209 3.96387
TA.S57A.z -78.9536 37.7605 3.91837
TA.T53A.z -82.535 36.9823 3.92266
TA.O56A.z -78.5663 40.2683 3.94006
TA.Q48A.z -85.7311 38.9295 3.99208
TA.N56A.z -78.2953 40.9171 3.94023
TA.F42A.z -88.1347 45.7587 3.86026
TA.449A.z -87.2151 30.7596 4.16872
TA.L63A.z -71.6095 41.8631 3.93972
TA.D52A.z -78.4117 46.9764 4.0187
TA.N44A.z -88.1333 40.7953 4.36805
TA.E55A.z -76.0572 46.4538 3.97485
TA.K61A.z -73.2676 42.6695 3.8389
TA.357A.z -81.4855 31.4239 3.98478
TA.J46A.z -85.6466 43.3478 3.97571
TA.S49A.z -85.2875 37.7849 3.91854
TA.X48A.z -87.0452 34.4517 3.99071
TA.Y51A.z -85.064 33.8993 3.93203
TA.T49A.z -85.5334 37.105 3.9781
TA.N59A.z -75.7703 40.9168 3.92999
TA.F61A.z -70.9921 45.9743 3.91344
TA.D59A.z -71.8358 47.0073 3.97915
TA.V54A.z -81.9478 35.7771 3.93454
TA.Q43A.z -89.6991 38.941 4.03498
TA.V49A.z -85.903 35.7663 3.95504
TA.W60A.z -77.7133 35.0528 3.98378
TA.R57A.z -78.5232 38.297 3.93782
TA.858A.z -81.3616 28.2126 3.76476
TA.Z55A.z -82.1359 33.2211 3.97063
TA.K59A.z -74.8525 42.775 3.92935
TA.Y53A.z -83.5836 33.8554 3.956
TA.251A.z -85.409 32.0929 3.82801
TA.U48A.z -86.5402 36.5107 4.13884
TA.O58A.z -76.9228 40.1231 3.98258
TA.T50A.z -84.8384 37.0204 3.93242
TA.J52A.z -80.4764 43.2407 3.95003
TA.452A.z -85.183 30.8492 3.75099
TA.F49A.z -82.0423 45.7627 3.97138
TA.O61A.z -74.553 40.0934 3.96742
TA.P56A.z -78.8386 39.5044 3.87123
TA.Q61A.z -75.3256 38.8799 3.98865
TA.E42A.z -87.914 46.4301 4.27711
TA.R59A.z -77.1164 38.2005 3.95153
TA.256A.z -81.8878 31.9799 3.93722
TA.158A.z -80.1935 32.7364 3.97811
TA.R45A.z -88.2812 38.2926 4.06032
TA.K46A.z -85.7834 42.6864 4.08255
TA.K50A.z -82.6231 42.7749 3.95499
TA.W54A.z -82.1859 35.0857 3.96546
TA.S60A.z -76.6535 37.7055 3.96441
TA.L64A.z -70.8391 41.9359 3.99296
TA.L56A.z -77.5591 42.1365 3.95418
TA.E56A.z -75.0341 46.5436 3.95495
TA.M51A.z -82.1831 41.3321 3.90259
TA.E60A.z -71.4469 46.3689 3.99126
TA.X51A.z -84.8574 34.5658 3.96082
TA.I49A.z -82.8246 43.94 3.99387
TA.H52A.z -79.8888 44.6422 4.07057
TA.L48A.z -84.4329 41.9438 4.00576
TA.J63A.z -71.0781 43.2792 3.93521
TA.Q46A.z -87.3575 39.0231 4.09715
TA.R52A.z -82.6443 38.3366 3.91735
TA.G42A.z -88.4277 45.2418 3.70124
TA.Q54A.z -80.8338 38.9836 3.93126
TA.O44A.z -88.4671 40.1526 4.33742
TA.G54A.z -78.0898 45.3979 4.02007
TA.R48A.z -85.8714 38.4001 3.82832
TA.V60A.z -77.2629 35.765 4.04742
TA.N52A.z -81.6876 40.8125 3.98019
TA.F46A.z -84.7586 45.7737 3.87854
TA.G60A.z -72.3337 45.0977 3.88179
TA.757A.z -82.0685 28.9413 4.03171
TA.S61A.z -75.6727 37.6804 4.00149
TA.D56A.z -74.7568 47.0485 3.99928
TA.655A.z -83.2552 29.5107 3.93507
TA.G47A.z -83.8551 45.173 4.03523
TA.E51A.z -79.4924 46.5333 4.05141
TA.P49A.z -84.7164 39.5342 4.01529
TA.X60A.z -77.9768 34.5773 4.00063
TA.353A.z -84.2172 31.3474 3.97312
TA.J42A.z -89.1234 43.3179 4.19043
TA.Y55A.z -81.8581 33.9375 4.0061
TA.959A.z -80.8791 27.524 4.00806
TA.H63A.z -70.0353 44.6616 3.90558
TA.M58A.z -76.4603 41.3721 3.93149
TA.I46A.z -85.4472 43.9411 4.0443
TA.V50A.z -85.1 35.6713 3.87958
TA.N55A.z -78.9862 40.7808 3.91302
TA.060A.z -80.3618 27.0361 4.05254
TA.E41A.z -88.9636 46.4643 3.53309
TA.155A.z -82.4665 32.6219 3.93635
TA.F60A.z -71.9514 45.9688 3.94397
TA.K49A.z -83.4556 42.7835 3.97281
TA.249A.z -87.1225 31.9752 4.20018
TA.Z59A.z -79.278 33.2414 4.02172
TA.K55A.z -78.0696 42.7278 3.9318
TA.J56A.z -76.8579 43.276 3.94024
TA.F59A.z -72.7833 45.8513 3.92495
TA.456A.z -82.0223 30.7248 3.9131
TA.W51A.z -84.7599 35.1606 3.91719
TA.G45A.z -85.6571 45.0404 4.00142
TA.P52A.z -82.1325 39.6337 4.00496
TA.S53A.z -82.1264 37.6815 3.92842
TA.T57A.z -79.2538 36.9983 4.02119
TA.X46A.z -88.5844 34.5564 4.04647
TA.M56A.z -78.1826 41.4837 3.93892
TA.T47A.z -87.1055 36.9881 3.83882
TA.151A.z -85.3267 32.5269 4.09463
TA.M60A.z -74.625 41.3265 3.98878
TA.F64A.z -68.3496 45.8633 3.98596
TA.E46A.z -84.3062 46.3665 3.99488
TA.E62A.z -69.5227 46.6201 3.99948
TA.H45A.z -86.044 44.6232 4.00284
TA.I64A.z -69.6347 43.9197 3.98314
TA.K42A.z -89.3457 42.7792 3.99273
TA.W46A.z -88.3783 35.1333 4.06264
TA.O43A.z -89.313 40.2856 3.88992
TA.U59A.z -77.7925 36.3526 3.99697
TA.I59A.z -73.8744 43.7957 3.97197
TA.255A.z -82.4758 31.9263 4.00187
TA.S54A.z -81.3114 37.7997 3.92899
TA.U61A.z -76.4464 36.3319 3.98757
TA.W58A.z -79.2333 35.0208 3.98345
TA.N51A.z -82.3748 40.9183 3.97167
TA.F43A.z -87.1694 45.8313 4.18699
TA.N45A.z -87.5118 40.8479 4.03071
TA.D51A.z -79.3733 47.0904 4.07066
TA.E52A.z -78.6569 46.2851 3.98472
TA.L60A.z -74.2226 41.989 3.9098
TA.S48A.z -86.0569 37.6574 4.00724
TA.350A.z -86.3353 31.4207 3.82504
TA.K60A.z -73.8886 42.6168 3.87329
TA.J47A.z -84.8214 43.2382 4.04249
TA.Y56A.z -81.3047 33.7922 4.00228
TA.X49A.z -86.326 34.5126 3.90016
TA.N58A.z -76.7158 40.8396 3.92594
TA.I45A.z -86.2348 44.0361 4.01896
TA.H48A.z -83.3249 44.7006 3.97816
TA.V57A.z -79.7758 35.8875 4.02015
TA.I51A.z -81.0231 43.8036 3.96117
TA.L57A.z -76.8492 42.0005 3.96
TA.R56A.z -79.4031 38.4071 3.78098
TA.O53A.z -81.2129 40.2493 3.9457
TA.V47A.z -87.5205 35.8278 4.02572
TA.Q58A.z -77.682 38.9413 3.98084
TA.D58A.z -72.8826 47.0954 4.03625
TA.152A.z -84.7188 32.6686 3.97874
TA.Z50A.z -85.9226 33.254 3.8928
TA.U47A.z -87.2892 36.4413 3.88339
TA.G64A.z -68.7558 45.2527 3.94438
TA.555A.z -82.9666 30.1212 3.77162
TA.556A.z -82.4057 30.0015 3.86656
TA.D60A.z -70.9237 46.9139 3.95934
TA.P59A.z -76.4327 39.6101 3.99674
TA.M46A.z -86.3524 41.4079 4.24755
TA.P45A.z -87.7439 39.5277 3.9797
TA.I42A.z -88.9134 43.8908 4.38627
TA.U55A.z -81.0472 36.5023 3.92566
TA.M63A.z -72.0464 41.4038 3.98343
TA.E45A.z -85.1774 46.3563 3.99233
TA.R58B.z -77.8787 37.9636 3.93895
TA.R58A.z -78.0034 38.2989 3.93913
TA.K51A.z -81.5082 42.7223 3.92009
TA.T59A.z -77.5541 36.9716 3.95713
TA.O50A.z -83.6199 40.1468 3.89811
TA.U50A.z -84.8431 36.4156 3.90466
TA.058A.z -81.8049 27.0569 4.01932
TA.H43A.z -87.7704 44.4697 3.77594
TA.M48A.z -84.7171 41.4846 4.0603
TA.M52A.z -81.357 41.5405 3.97876
TA.X54A.z -82.3743 34.5474 3.99118
TA.E63A.z -68.422 46.422 3.96969
TA.M64A.z -71.2102 41.5509 3.95321
TA.H55A.z -77.183 44.5505 3.98392
TA.H41A.z -89.6534 44.6164 4.48282
TA.J60A.z -73.4212 43.2438 3.8316
TA.I60A.z -73.2916 43.844 3.899
TA.W49A.z -86.2645 35.1194 3.95548
TA.Q45A.z -88.1565 38.8948 4.19076
TA.Q51A.z -83.3456 39.026 3.92646
TA.R51A.z -83.5834 38.3001 3.89501
TA.N63A.z -72.5206 40.9878 4.01952
TA.O47A.z -86.1742 40.2361 4.25867
TA.S46A.z -87.7153 37.6849 3.78942
TA.O57A.z -77.6354 40.2104 3.95438
TA.S50A.z -84.4003 37.679 3.99088
TA.T52A.z -82.9852 37.1076 3.97312
TA.V61A.z -76.5776 35.7912 3.97891
TA.F57A.z -74.6928 45.8122 3.97987
TA.G63A.z -69.6186 45.1147 3.89075
TA.E64A.z -67.8285 46.4184 3.88414
TA.V58A.z -79.115 35.794 4.03824
TA.V46A.z -88.1177 35.8007 4.21689
TA.758A.z -81.1996 28.9621 4.1033
TA.D55A.z -75.4732 47.019 4.01888
TA.M45A.z -87.2504 41.3881 4.03686
TA.J43A.z -88.4185 43.3808 4.21624
TA.M59A.z -75.4321 41.5413 3.96724
TA.H60A.z -72.6986 44.5606 3.89636
TA.X59A.z -78.6023 34.572 3.96494
TA.I41A.z -89.8697 44.0592 3.88753
TA.I55A.z -77.6817 44.2161 3.97326
TA.F62A.z -69.9664 45.8968 3.94314
TA.N54A.z -79.9892 40.9617 3.87741
TA.156A.z -81.495 32.6542 3.98717
TA.Z54A.z -82.8417 33.2362 4.03088
TA.250A.z -86.2677 31.9778 4.00142
TA.O59A.z -76.1859 40.3114 3.93956
TA.J55A.z -77.8167 43.2657 3.94248
TA.451A.z -85.7467 30.616 4.28009
TA.552A.z -85.2938 30.1327 4.10922
TA.O60A.z -75.405 40.3177 3.96348
TA.G53A.z -78.6237 45.1222 4.02227
TA.P55A.z -79.8265 39.5078 3.88173
TA.Q60A.z -75.8429 39.0016 3.99434
