TA.T56A.z -80.0311 37.0288 4.09994
TA.Y58A.z -79.6665 33.9057 4.06594
TA.X57A.z -80.094 34.4643 4.0524
TA.M57A.z -77.128 41.3372 4.03639
TA.U51A.z -84.0165 36.3786 4.04088
TA.X47A.z -87.8571 34.5178 4.37457
TA.TIGA.z -83.5898 31.4389 4.07912
TA.F63A.z -69.1029 45.703 4.02455
TA.H46A.z -85.2034 44.5397 4.02108
TA.I63A.z -70.5809 44.0505 4.05671
TA.149A.z -86.7916 32.5983 4.13136
TA.Q52A.z -82.2669 38.9622 4.04925
TA.N60A.z -75.1 40.8704 4.0077
TA.O54A.z -80.3778 40.1821 4.05684
TA.S55A.z -80.5013 37.7724 4.05331
TA.U56A.z -80.3829 36.3472 4.10956
TA.W59A.z -78.443 35.1673 4.11454
TA.N46A.z -86.7352 40.8949 4.01157
TA.V53A.z -82.8124 35.6694 4.08455
TA.L65A.z -70.0528 42.0295 3.99482
TA.E57A.z -74.1471 46.4117 4.08719
TA.X50B.z -85.6499 34.4611 4.03281
TA.355A.z -82.8518 31.3438 3.98829
TA.L55A.z -78.4368 42.1831 4.11865
TA.I48A.z -83.7022 44.1873 3.98162
TA.V47A.z -87.5205 35.8278 4.33096
TA.L49A.z -83.7672 42.1088 4.15556
TA.P60A.z -75.6358 39.8113 4.07456
TA.I52A.z -80.177 44.068 3.96153
TA.Q55A.z -80.0812 38.9952 4.03034
TA.R55A.z -80.1195 38.2825 4.02763
TA.G41A.z -89.1816 45.2118 3.77692
TA.R49A.z -85.1714 38.2916 4.08808
TA.G55A.z -76.7187 45.2532 4.12407
TA.U46A.z -88.1773 36.359 4.11818
TA.Z53A.z -83.5713 33.2801 4.14331
TA.153A.z -83.8316 32.6499 4.10771
TA.R60A.z -76.5807 38.2684 4.02312
TA.D61A.z -70.1868 47.2022 4.03031
TA.557A.z -81.7291 30.016 4.16034
TA.P58A.z -77.3005 39.4891 4.1208
TA.P46A.z -87.2067 39.6178 3.8988
TA.H64A.z -69.2203 44.6412 3.99681
TA.U60A.z -77.1596 36.4718 4.08951
TA.Y59A.z -78.8737 33.9897 4.09558
TA.K48A.z -84.1197 42.8032 4.02944
TA.F61A.z -70.9921 45.9743 4.09345
TA.O49A.z -84.3353 40.188 4.131
TA.R47A.z -86.527 38.2957 4.24719
TA.061Z.z -80.907 25.8657 4.08387
TA.K56A.z -77.3244 42.6981 4.0272
TA.Z58A.z -79.8129 33.3349 3.97881
TA.F58A.z -73.8145 45.8663 4.0473
TA.W52A.z -83.9277 35.0935 4.09637
TA.J59A.z -74.5041 43.4647 4.02583
TA.455A.z -83.026 30.7422 3.90639
TA.P51A.z -83.0601 39.4818 4.05453
TA.Q59A.z -76.6548 38.8644 4.0782
TA.E58A.z -73.2771 46.3721 4.0911
TA.X53A.z -83.3013 34.5031 4.11342
TA.M53A.z -80.675 41.4393 4.05482
TA.L50A.z -82.8095 42.043 4.06607
TA.G59A.z -73.1809 45.0807 4.03012
TA.T60A.z -76.7349 37.1397 4.1304
TA.S58A.z -78.0511 37.6126 4.01832
TA.L46A.z -86.2955 42.0127 4.10199
TA.J61A.z -72.5535 43.3462 4.01555
TA.N48A.z -85.0271 40.8591 4.0689
TA.H42A.z -88.5311 44.5091 4.22032
TA.Q56A.z -79.1871 39.041 4.0347
TA.R50A.z -84.3274 38.2816 4.1665
TA.S45A.z -88.5804 37.6774 3.64848
TA.D48A.z -81.8072 47.1743 4.11788
TA.S51A.z -83.5935 37.6392 4.11227
TA.W49A.z -86.2645 35.1194 4.0532
TA.Y48A.z -87.1696 33.9131 4.22238
TA.N50A.z -83.1486 40.7711 4.12941
TA.L61A.z -73.5543 42.1934 3.96345
TA.E53A.z -77.6638 46.3784 4.12991
TA.L61B.z -72.6802 42.4498 3.99307
TA.D50A.z -79.8412 47.1668 4.02361
TA.L59A.z -75.0426 42.1902 4.02289
TA.D46A.z -84.0357 46.891 4.06529
TA.Y57A.z -80.3915 34.017 4.10981
TA.K63A.z -71.5283 42.6888 4.00675
TA.V56A.z -80.4963 35.8097 4.03727
TA.N43A.z -89.1735 40.9394 4.26296
TA.157A.z -80.9972 32.678 4.08243
TA.253A.z -84.1294 32.0612 4.05906
TA.Z57A.z -80.7039 33.297 4.07121
TA.J54A.z -78.6392 43.2728 4.10847
TA.062Z.z -81.0523 24.7266 3.99513
TA.553A.z -84.4317 30.189 3.98873
TA.450A.z -86.5863 30.8038 3.98287
TA.L48A.z -84.4329 41.9438 4.10596
TA.P54A.z -80.4796 39.602 4.05822
TA.Z49A.z -86.5311 33.1942 3.90442
TA.U52A.z -83.3671 36.3929 4.05579
TA.T45A.z -88.6447 37.0196 3.56661
TA.V49A.z -85.903 35.7663 4.10809
TA.M62A.z -72.8939 41.4423 4.07388
TA.E44A.z -85.9214 46.6199 4.17019
TA.T58A.z -78.5338 36.9454 4.01965
TA.O51A.z -82.6056 40.147 4.09029
TA.K52A.z -80.7139 42.7805 4.08525
TA.W56A.z -80.5828 35.135 4.037
TA.V52A.z -83.5959 35.8417 4.09674
TA.Q49A.z -84.8956 39.005 4.09717
TA.N47A.z -85.6942 40.8801 4.0252
TA.L62A.z -72.6617 42.0328 4.02037
TA.E54A.z -77.1869 46.4339 4.16538
TA.D53A.z -77.7001 47.0795 4.10869
TA.L54A.z -79.3162 42.2345 4.08354
TA.356A.z -82.1275 31.3247 3.92925
TA.Y50A.z -85.7347 33.8911 4.06939
TA.P61A.z -74.7919 39.6734 4.09536
TA.I53A.z -79.5912 43.8238 4.07099
TA.R54A.z -80.9904 38.1809 4.02831
TA.V55A.z -81.2149 35.8518 4.08724
TA.W61A.z -76.9909 35.1773 4.14357
TA.457A.z -81.5563 30.6199 3.97418
TA.V62A.z -75.957 35.5612 4.05718
TA.D62A.z -69.0501 47.0819 4.14195
TA.657A.z -81.8665 29.5852 4.00346
TA.G62A.z -70.5319 45.2186 4.03456
TA.F44A.z -86.4226 45.9737 4.31766
TA.D54A.z -76.657 47.152 4.10045
TA.W50A.z -85.3119 35.2002 4.08781
TA.M44A.z -88.0432 41.3882 3.72126
TA.X58A.z -79.3388 34.5548 4.06634
TA.H61A.z -71.9271 44.5339 4.00794
TA.N57A.z -77.5509 40.7556 4.12256
TA.H59A.z -73.6905 44.6455 4.05365
TA.E43A.z -86.9954 46.3758 4.2611
TA.R44A.z -89.0809 38.2475 3.80035
TA.O48A.z -85.1553 40.2571 4.09107
TA.K47A.z -84.9993 42.6704 4.07648
TA.257A.z -81.0261 31.9746 4.09703
TA.K57A.z -76.5163 42.7313 4.06823
TA.454A.z -83.6302 30.7145 3.99091
TA.W53A.z -83.163 35.1696 4.145
TA.J58A.z -75.2852 43.3603 4.01053
TA.658A.z -81.2578 29.422 4.04119
TA.P50A.z -83.7988 39.6086 4.09525
TA.M54A.z -79.6647 41.5079 4.06575
TA.L53A.z -80.2598 41.9539 4.04389
TA.X56A.z -81.0319 34.4923 4.04706
TA.M66A.z -70.1353 41.259 4.24149
TA.L43A.z -88.7423 42.1833 4.3493
TA.T55A.z -80.7843 37.117 4.10141
TA.I58A.z -74.9733 43.6901 3.99023
TA.H57A.z -75.3905 44.4624 4.07876
TA.L58A.z -75.8502 42.0447 4.08836
TA.I62A.z -71.3359 43.8743 4.03243
TA.H47A.z -84.2062 44.5994 4.05218
TA.E48A.z -82.1653 46.4809 4.12501
TA.148A.z -87.571 32.6469 4.09846
TA.Q53A.z -81.5251 38.8586 4.07977
TA.V59A.z -78.2394 35.7649 4.11603
TA.N61A.z -74.2969 40.7519 3.95705
TA.O55A.z -79.3041 40.2076 4.05534
TA.S56A.z -79.5662 37.6771 4.07632
TA.U57A.z -79.3364 36.4319 4.06042
TA.F55A.z -76.351 45.8338 4.14624
TA.G61A.z -71.5273 45.2827 4.08435
TA.N53A.z -80.8377 40.8065 4.07688
TA.D57A.z -73.8878 47.0172 4.04469
TA.D47A.z -83.1038 47.0558 4.11278
TA.P48A.z -85.4258 39.4605 4.0827
TA.M43A.z -88.9581 41.4365 4.2356
TA.E50A.z -80.7378 46.4232 4.07855
TA.K62A.z -72.2345 42.6651 4.03093
TA.958A.z -81.7543 27.5855 4.08027
TA.J45A.z -86.3889 43.4354 4.06462
TA.857A.z -82.2291 28.267 4.09697
TA.352A.z -84.9274 31.4793 4.05036
TA.I47A.z -84.5096 44.0193 4.0615
TA.H62A.z -71.1559 44.5743 4.01557
TA.Y54A.z -82.688 33.8621 4.05599
TA.I57A.z -75.6599 43.9377 4.05128
TA.V51A.z -84.3511 35.8033 4.08403
TA.KMSC.z -81.3333 35.142 4.07906
TA.150A.z -86.022 32.6067 4.22921
TA.K58A.z -75.6473 42.7633 4.10389
TA.Z52A.z -84.4176 33.1893 4.04659
TA.U49A.z -85.7796 36.5129 4.17314
TA.859A.z -80.8984 28.0592 4.1044
TA.F52A.z -79.3227 45.7951 4.14089
TA.R61A.z -75.339 38.3303 4.0133
TA.F48A.z -82.6185 45.8278 4.11621
TA.453A.z -84.3197 30.8541 4.08111
TA.P57A.z -78.0126 39.4835 4.04874
TA.P47A.z -86.2699 39.4869 3.75799
TA.H65A.z -68.2469 44.6961 4.02861
TA.U53A.z -82.5765 36.3644 4.0912
TA.M61A.z -73.7673 41.3104 4.1034
TA.T50A.z -84.8384 37.0204 4.15964
TA.S52A.z -83.0784 37.6791 4.08339
TA.T46A.z -87.8941 37.0417 3.98496
TA.E47A.z -83.2777 46.4547 4.12945
TA.K43A.z -88.332 42.7044 4.33448
TA.059Z.z -81.4432 26.3373 4.03343
TA.O52A.z -81.8361 40.1158 4.10162
TA.W57A.z -79.9928 35.1529 4.06155
TA.U58A.z -78.5493 36.3944 4.03173
TA.E59A.z -72.5108 46.4803 4.12316
TA.Y49A.z -86.4119 33.8577 3.91359
TA.X52A.z -83.8938 34.6032 4.08687
TA.E61A.z -70.489 46.4312 4.0418
TA.G58A.z -74.054 45.1492 4.07088
TA.L47A.z -85.2021 41.9756 4.14987
TA.S59A.z -77.2942 37.762 4.06112
TA.M50A.z -83.0428 41.4035 4.12274
TA.H53A.z -78.5832 44.5736 4.08714
TA.J62A.z -71.8127 43.2262 4.07001
TA.H43A.z -87.7704 44.4697 4.34005
TA.Q47A.z -86.4261 38.9362 3.95126
TA.Q57A.z -78.4107 39.0353 4.02793
TA.R53A.z -81.9522 38.3307 4.0994
TA.N49A.z -84.1825 40.922 4.09219
TA.G43A.z -87.6861 45.2572 4.10236
TA.D49A.z -81.3562 47.2726 4.11118
TA.S44A.z -89.2551 37.6936 3.69914
TA.957A.z -82.2357 27.6702 4.10104
TA.Z51A.z -85.1747 33.3167 4.04411
TA.F51A.z -79.915 45.9284 4.07469
TA.F45A.z -85.5156 45.6837 4.106
TA.G65A.z -67.5632 45.2002 4.05257
TA.D63A.z -68.1066 47.037 4.03162
TA.SFIN.z -87.0967 40.379 4.47579
TA.656A.z -82.5348 29.3689 4.09829
TA.554A.z -83.6836 30.0841 3.95225
TA.P44A.z -88.6209 39.4676 3.58621
TA.M47A.z -85.6214 41.3594 4.05708
TA.H66A.z -67.3115 44.7859 4.03819
TA.H58A.z -74.1798 44.4176 4.02807
TA.V48A.z -86.8219 35.74 nan
TA.Z56A.z -81.3687 33.3253 4.04752
TA.252A.z -84.7357 31.9962 4.00231
TA.154A.z -83.1066 32.6131 4.13322
TA.K54A.z -78.6908 42.6097 4.09477
TA.J49A.z -83.1389 43.36 4.08095
TA.T48A.z -86.3943 37.1094 4.25239
TA.J57A.z -75.9968 43.4099 4.0656
TA.P53A.z -81.3896 39.4868 4.07959
TA.349A.z -87.1924 31.3504 3.88175
TA.G57A.z -74.9855 45.1036 4.09604
TA.X55A.z -81.6336 34.4701 4.07125
TA.M49A.z -83.9752 41.4745 4.11058
TA.059A.z -81.144 26.9671 4.00946
TA.T54A.z -81.5762 37.0608 4.09985
TA.L44A.z -87.9119 42.1782 4.29358
TA.M55A.z -78.7649 41.4686 4.02301
TA.Y60A.z -78.2163 34.0046 4.0648
TA.249A.z -87.1225 31.9752 3.87933
TA.H56A.z -76.2594 44.593 4.09098
TA.M65A.z -70.6466 41.562 4.09186
TA.I59A.z -73.8744 43.7957 3.97005
TA.Q50A.z -83.979 38.8436 4.12569
TA.I61A.z -72.2087 43.9323 4.0223
TA.S47A.z -86.8779 37.5946 4.05789
TA.N62A.z -73.4677 40.9313 4.06195
TA.J48A.z -83.7849 43.2986 4.04481
TA.U54A.z -81.8204 36.5209 4.04206
TA.S57A.z -78.9536 37.7605 4.03286
TA.T53A.z -82.535 36.9823 4.07054
TA.O56A.z -78.5663 40.2683 4.0815
TA.Q48A.z -85.7311 38.9295 4.11331
TA.N56A.z -78.2953 40.9171 4.06544
TA.F42A.z -88.1347 45.7587 4.37346
TA.449A.z -87.2151 30.7596 3.90252
TA.L63A.z -71.6095 41.8631 4.07414
TA.D52A.z -78.4117 46.9764 4.04821
TA.N44A.z -88.1333 40.7953 4.48027
TA.E55A.z -76.0572 46.4538 4.08899
TA.K61A.z -73.2676 42.6695 3.99847
TA.357A.z -81.4855 31.4239 4.00577
TA.J46A.z -85.6466 43.3478 4.17298
TA.S49A.z -85.2875 37.7849 4.07014
TA.X48A.z -87.0452 34.4517 4.14175
TA.Y51A.z -85.064 33.8993 4.10671
TA.T49A.z -85.5334 37.105 4.10187
TA.N59A.z -75.7703 40.9168 4.02756
TA.254A.z -83.2905 31.9457 4.08188
TA.D59A.z -71.8358 47.0073 4.08105
TA.V54A.z -81.9478 35.7771 4.06424
TA.Q43A.z -89.6991 38.941 4.04384
TA.V46A.z -88.1177 35.8007 3.97014
TA.W60A.z -77.7133 35.0528 4.079
TA.R57A.z -78.5232 38.297 4.00252
TA.858A.z -81.3616 28.2126 4.19537
TA.Z55A.z -82.1359 33.2211 4.07384
TA.K59A.z -74.8525 42.775 4.01334
TA.Y53A.z -83.5836 33.8554 4.0254
TA.251A.z -85.409 32.0929 4.35407
TA.U48A.z -86.5402 36.5107 4.32084
TA.O58A.z -76.9228 40.1231 4.09151
TA.W48A.z -86.9333 35.1386 4.44279
TA.J52A.z -80.4764 43.2407 4.07605
TA.452A.z -85.183 30.8492 4.19701
TA.F49A.z -82.0423 45.7627 4.11499
TA.O61A.z -74.553 40.0934 4.00579
TA.P56A.z -78.8386 39.5044 4.04411
TA.Q61A.z -75.3256 38.8799 4.03546
TA.E42A.z -87.914 46.4301 4.32076
TA.R59A.z -77.1164 38.2005 4.05561
TA.256A.z -81.8878 31.9799 3.977
TA.158A.z -80.1935 32.7364 4.04398
TA.K46A.z -85.7834 42.6864 4.17828
TA.K50A.z -82.6231 42.7749 4.11156
TA.W54A.z -82.1859 35.0857 4.07768
TA.S60A.z -76.6535 37.7055 4.07485
TA.L64A.z -70.8391 41.9359 4.02245
TA.L56A.z -77.5591 42.1365 4.09801
TA.E56A.z -75.0341 46.5436 4.07072
TA.M51A.z -82.1831 41.3321 4.132
TA.E60A.z -71.4469 46.3689 4.06094
TA.X51A.z -84.8574 34.5658 4.12506
TA.I49A.z -82.8246 43.94 4.04963
TA.H52A.z -79.8888 44.6422 4.06698
TA.Y52A.z -84.0626 33.864 4.08567
TA.J63A.z -71.0781 43.2792 3.98538
TA.Q46A.z -87.3575 39.0231 4.22128
TA.R52A.z -82.6443 38.3366 4.11504
TA.G42A.z -88.4277 45.2418 3.87868
TA.Q54A.z -80.8338 38.9836 4.04125
TA.G54A.z -78.0898 45.3979 4.14874
TA.R48A.z -85.8714 38.4001 4.16934
TA.V60A.z -77.2629 35.765 4.11515
TA.N52A.z -81.6876 40.8125 4.09769
TA.F46A.z -84.7586 45.7737 3.94992
TA.G60A.z -72.3337 45.0977 4.06234
TA.757A.z -82.0685 28.9413 4.25351
TA.S61A.z -75.6727 37.6804 4.03839
TA.D56A.z -74.7568 47.0485 4.10893
TA.655A.z -83.2552 29.5107 4.20488
TA.G47A.z -83.8551 45.173 4.13064
TA.E51A.z -79.4924 46.5333 4.08911
TA.P49A.z -84.7164 39.5342 4.08621
TA.X60A.z -77.9768 34.5773 4.10402
TA.353A.z -84.2172 31.3474 4.08057
TA.J42A.z -89.1234 43.3179 3.77798
TA.Y55A.z -81.8581 33.9375 3.9682
TA.959A.z -80.8791 27.524 3.96976
TA.H63A.z -70.0353 44.6616 4.04551
TA.M58A.z -76.4603 41.3721 4.08969
TA.I46A.z -85.4472 43.9411 4.05938
TA.W47A.z -87.5946 35.2511 4.36922
TA.V50A.z -85.1 35.6713 4.0525
TA.N55A.z -78.9862 40.7808 4.05823
TA.060A.z -80.3618 27.0361 3.90793
TA.155A.z -82.4665 32.6219 4.06975
TA.F60A.z -71.9514 45.9688 4.04338
TA.K49A.z -83.4556 42.7835 4.09111
TA.060Z.z -80.556 26.4062 4.09817
TA.Z59A.z -79.278 33.2414 4.02691
TA.K55A.z -78.0696 42.7278 4.08233
TA.J56A.z -76.8579 43.276 4.0893
TA.F59A.z -72.7833 45.8513 4.06226
TA.456A.z -82.0223 30.7248 4.05767
TA.W51A.z -84.7599 35.1606 4.12189
TA.G45A.z -85.6571 45.0404 4.08528
TA.P52A.z -82.1325 39.6337 4.08464
TA.S53A.z -82.1264 37.6815 4.12273
TA.T57A.z -79.2538 36.9983 4.04011
TA.X46A.z -88.5844 34.5564 4.1452
TA.M56A.z -78.1826 41.4837 4.0818
TA.T47A.z -87.1055 36.9881 4.05791
TA.151A.z -85.3267 32.5269 4.09212
TA.M60A.z -74.625 41.3265 4.02859
TA.F64A.z -68.3496 45.8633 3.99893
TA.E46A.z -84.3062 46.3665 4.08122
TA.E62A.z -69.5227 46.6201 4.15232
TA.H45A.z -86.044 44.6232 4.1387
TA.I64A.z -69.6347 43.9197 4.08062
TA.W46A.z -88.3783 35.1333 4.26962
TA.U59A.z -77.7925 36.3526 4.08955
TA.255A.z -82.4758 31.9263 4.01002
TA.S54A.z -81.3114 37.7997 4.08145
TA.U61A.z -76.4464 36.3319 4.06444
TA.W58A.z -79.2333 35.0208 4.12097
TA.N51A.z -82.3748 40.9183 4.04974
TA.F43A.z -87.1694 45.8313 4.26336
TA.N45A.z -87.5118 40.8479 3.91363
TA.D51A.z -79.3733 47.0904 4.11096
TA.E52A.z -78.6569 46.2851 4.16529
TA.L60A.z -74.2226 41.989 3.96277
TA.S48A.z -86.0569 37.6574 4.18508
TA.350A.z -86.3353 31.4207 3.95765
TA.K60A.z -73.8886 42.6168 3.95034
TA.J47A.z -84.8214 43.2382 4.13662
TA.Y56A.z -81.3047 33.7922 4.02247
TA.X49A.z -86.326 34.5126 4.29386
TA.N58A.z -76.7158 40.8396 4.15878
TA.I45A.z -86.2348 44.0361 3.98623
TA.H48A.z -83.3249 44.7006 4.03363
TA.V57A.z -79.7758 35.8875 4.11206
TA.I51A.z -81.0231 43.8036 4.05785
TA.L57A.z -76.8492 42.0005 4.06635
TA.R56A.z -79.4031 38.4071 4.03895
TA.O53A.z -81.2129 40.2493 4.09499
TA.G46A.z -84.8621 45.3176 4.10096
TA.Q58A.z -77.682 38.9413 4.02888
TA.D58A.z -72.8826 47.0954 4.0947
TA.152A.z -84.7188 32.6686 4.04947
TA.Z50A.z -85.9226 33.254 4.14245
TA.U47A.z -87.2892 36.4413 4.14662
TA.G64A.z -68.7558 45.2527 4.02133
TA.555A.z -82.9666 30.1212 4.0143
TA.556A.z -82.4057 30.0015 4.09166
TA.D60A.z -70.9237 46.9139 4.08555
TA.P59A.z -76.4327 39.6101 4.12073
TA.M46A.z -86.3524 41.4079 3.80706
TA.P45A.z -87.7439 39.5277 3.68041
TA.U55A.z -81.0472 36.5023 4.06383
TA.M63A.z -72.0464 41.4038 4.10588
TA.E45A.z -85.1774 46.3563 4.131
TA.R58B.z -77.8787 37.9636 4.02849
TA.R58A.z -78.0034 38.2989 4.00492
TA.K51A.z -81.5082 42.7223 4.11702
TA.T59A.z -77.5541 36.9716 4.05539
TA.O50A.z -83.6199 40.1468 4.09012
TA.U50A.z -84.8431 36.4156 4.14877
TA.058A.z -81.8049 27.0569 3.95769
TA.M48A.z -84.7171 41.4846 4.09647
TA.M52A.z -81.357 41.5405 4.08352
TA.X54A.z -82.3743 34.5474 4.06067
TA.E63A.z -68.422 46.422 4.06757
TA.M64A.z -71.2102 41.5509 4.08486
TA.H55A.z -77.183 44.5505 4.1396
TA.H41A.z -89.6534 44.6164 3.78345
TA.J60A.z -73.4212 43.2438 3.97956
TA.I60A.z -73.2916 43.844 3.96726
TA.T51A.z -83.9454 36.9655 4.08546
TA.Q45A.z -88.1565 38.8948 4.29059
TA.Q51A.z -83.3456 39.026 4.13052
TA.R51A.z -83.5834 38.3001 4.13866
TA.N63A.z -72.5206 40.9878 4.08296
TA.O47A.z -86.1742 40.2361 4.10743
TA.S46A.z -87.7153 37.6849 4.17387
TA.O57A.z -77.6354 40.2104 4.08206
TA.S50A.z -84.4003 37.679 4
TA.T52A.z -82.9852 37.1076 4.01483
TA.V61A.z -76.5776 35.7912 4.08066
TA.F57A.z -74.6928 45.8122 4.06601
TA.G63A.z -69.6186 45.1147 4.02173
TA.E64A.z -67.8285 46.4184 3.97925
TA.V58A.z -79.115 35.794 4.14942
TA.758A.z -81.1996 28.9621 4.2072
TA.D55A.z -75.4732 47.019 4.12178
TA.M45A.z -87.2504 41.3881 3.60282
TA.M59A.z -75.4321 41.5413 4.05859
TA.H60A.z -72.6986 44.5606 4.03614
TA.X59A.z -78.6023 34.572 4.12291
TA.I41A.z -89.8697 44.0592 3.65167
TA.I55A.z -77.6817 44.2161 4.14478
TA.F62A.z -69.9664 45.8968 4.0758
TA.N54A.z -79.9892 40.9617 4.06058
TA.156A.z -81.495 32.6542 4.09624
TA.Z54A.z -82.8417 33.2362 4.19333
TA.250A.z -86.2677 31.9778 4.22082
TA.O59A.z -76.1859 40.3114 4.12536
TA.J55A.z -77.8167 43.2657 4.11639
TA.451A.z -85.7467 30.616 4.24593
TA.552A.z -85.2938 30.1327 4.06331
TA.O60A.z -75.405 40.3177 4.04001
TA.G53A.z -78.6237 45.1222 4.11018
TA.P55A.z -79.8265 39.5078 4.07347
TA.Q60A.z -75.8429 39.0016 4.04098
