TA.T56A.z -80.0311 37.0288 3.59816
TA.Y58A.z -79.6665 33.9057 3.75419
TA.X57A.z -80.094 34.4643 3.69375
TA.M57A.z -77.128 41.3372 3.65878
TA.U51A.z -84.0165 36.3786 3.65826
TA.X47A.z -87.8571 34.5178 3.56317
TA.TIGA.z -83.5898 31.4389 3.59534
TA.F63A.z -69.1029 45.703 3.63961
TA.H46A.z -85.2034 44.5397 3.66825
TA.I63A.z -70.5809 44.0505 3.66785
TA.149A.z -86.7916 32.5983 3.86636
TA.Q52A.z -82.2669 38.9622 3.60708
TA.N60A.z -75.1 40.8704 3.63025
TA.O54A.z -80.3778 40.1821 3.59891
TA.S55A.z -80.5013 37.7724 3.61154
TA.U56A.z -80.3829 36.3472 3.6539
TA.W59A.z -78.443 35.1673 3.68613
TA.N46A.z -86.7352 40.8949 3.57796
TA.V53A.z -82.8124 35.6694 3.66144
TA.L65A.z -70.0528 42.0295 3.7611
TA.E57A.z -74.1471 46.4117 3.66979
TA.X50B.z -85.6499 34.4611 3.50704
TA.355A.z -82.8518 31.3438 3.66564
TA.L55A.z -78.4368 42.1831 3.63212
TA.I48A.z -83.7022 44.1873 3.63123
TA.V47A.z -87.5205 35.8278 3.53855
TA.L49A.z -83.7672 42.1088 3.65986
TA.P60A.z -75.6358 39.8113 3.70862
TA.I52A.z -80.177 44.068 3.74182
TA.Q55A.z -80.0812 38.9952 3.65503
TA.R55A.z -80.1195 38.2825 3.62308
TA.G41A.z -89.1816 45.2118 3.66402
TA.R49A.z -85.1714 38.2916 3.6757
TA.G55A.z -76.7187 45.2532 3.69259
TA.U46A.z -88.1773 36.359 3.85689
TA.Z53A.z -83.5713 33.2801 3.71817
TA.153A.z -83.8316 32.6499 3.71144
TA.R60A.z -76.5807 38.2684 3.72319
TA.D61A.z -70.1868 47.2022 3.63671
TA.557A.z -81.7291 30.016 3.94889
TA.P58A.z -77.3005 39.4891 3.67295
TA.H64A.z -69.2203 44.6412 3.69402
TA.U60A.z -77.1596 36.4718 3.71028
TA.Y59A.z -78.8737 33.9897 3.70268
TA.K48A.z -84.1197 42.8032 3.62792
TA.F61A.z -70.9921 45.9743 3.61854
TA.O49A.z -84.3353 40.188 3.60766
TA.061Z.z -80.907 25.8657 3.73375
TA.K56A.z -77.3244 42.6981 3.62236
TA.Z58A.z -79.8129 33.3349 3.70907
TA.F58A.z -73.8145 45.8663 3.71732
TA.W52A.z -83.9277 35.0935 3.64542
TA.J59A.z -74.5041 43.4647 3.68841
TA.455A.z -83.026 30.7422 3.7033
TA.P51A.z -83.0601 39.4818 3.63007
TA.Q59A.z -76.6548 38.8644 3.69308
TA.E58A.z -73.2771 46.3721 3.68041
TA.X53A.z -83.3013 34.5031 3.71619
TA.M53A.z -80.675 41.4393 3.63578
TA.L50A.z -82.8095 42.043 3.7094
TA.G59A.z -73.1809 45.0807 3.67199
TA.T60A.z -76.7349 37.1397 3.76521
TA.S58A.z -78.0511 37.6126 3.7049
TA.L46A.z -86.2955 42.0127 3.78352
TA.J61A.z -72.5535 43.3462 3.69709
TA.N48A.z -85.0271 40.8591 3.67162
TA.H42A.z -88.5311 44.5091 3.61234
TA.Q56A.z -79.1871 39.041 3.64178
TA.R50A.z -84.3274 38.2816 3.59323
TA.S45A.z -88.5804 37.6774 3.59476
TA.D48A.z -81.8072 47.1743 3.77596
TA.S51A.z -83.5935 37.6392 3.69014
TA.T51A.z -83.9454 36.9655 3.74113
TA.Y48A.z -87.1696 33.9131 3.83681
TA.N50A.z -83.1486 40.7711 3.6303
TA.L61A.z -73.5543 42.1934 3.67238
TA.E53A.z -77.6638 46.3784 3.65256
TA.L61B.z -72.6802 42.4498 3.71305
TA.D50A.z -79.8412 47.1668 3.77622
TA.351A.z -85.6036 31.2753 3.77156
TA.L59A.z -75.0426 42.1902 3.64909
TA.D46A.z -84.0357 46.891 3.76542
TA.Y57A.z -80.3915 34.017 3.69857
TA.K63A.z -71.5283 42.6888 3.75345
TA.V56A.z -80.4963 35.8097 3.67196
TA.N43A.z -89.1735 40.9394 3.56332
TA.157A.z -80.9972 32.678 3.68892
TA.253A.z -84.1294 32.0612 3.61341
TA.Z57A.z -80.7039 33.297 3.67768
TA.J54A.z -78.6392 43.2728 3.70445
TA.062Z.z -81.0523 24.7266 3.82373
TA.553A.z -84.4317 30.189 3.8422
TA.450A.z -86.5863 30.8038 3.65752
TA.Y52A.z -84.0626 33.864 3.63449
TA.P54A.z -80.4796 39.602 3.61505
TA.Z49A.z -86.5311 33.1942 3.71798
TA.U52A.z -83.3671 36.3929 3.59988
TA.T45A.z -88.6447 37.0196 4.0398
TA.M62A.z -72.8939 41.4423 3.72293
TA.E44A.z -85.9214 46.6199 3.67486
TA.T58A.z -78.5338 36.9454 3.75615
TA.O51A.z -82.6056 40.147 3.64221
TA.K52A.z -80.7139 42.7805 3.67614
TA.W56A.z -80.5828 35.135 3.65617
TA.V52A.z -83.5959 35.8417 3.66627
TA.Q49A.z -84.8956 39.005 3.67453
TA.N47A.z -85.6942 40.8801 3.76152
TA.L62A.z -72.6617 42.0328 3.72723
TA.E54A.z -77.1869 46.4339 3.68754
TA.D53A.z -77.7001 47.0795 3.70802
TA.L54A.z -79.3162 42.2345 3.62874
TA.356A.z -82.1275 31.3247 3.67864
TA.Y50A.z -85.7347 33.8911 3.61341
TA.P61A.z -74.7919 39.6734 3.77409
TA.I53A.z -79.5912 43.8238 3.66127
TA.R54A.z -80.9904 38.1809 3.62845
TA.V55A.z -81.2149 35.8518 3.63503
TA.W61A.z -76.9909 35.1773 3.79707
TA.457A.z -81.5563 30.6199 3.79402
TA.V62A.z -75.957 35.5612 3.73628
TA.D62A.z -69.0501 47.0819 3.69694
TA.657A.z -81.8665 29.5852 3.70276
TA.G62A.z -70.5319 45.2186 3.64101
TA.D54A.z -76.657 47.152 3.70396
TA.T48A.z -86.3943 37.1094 3.7155
TA.M44A.z -88.0432 41.3882 3.77274
TA.X58A.z -79.3388 34.5548 3.7077
TA.H61A.z -71.9271 44.5339 3.69278
TA.N57A.z -77.5509 40.7556 3.68915
TA.H59A.z -73.6905 44.6455 3.70771
TA.E43A.z -86.9954 46.3758 3.75002
TA.O48A.z -85.1553 40.2571 3.74003
TA.K47A.z -84.9993 42.6704 3.66789
TA.257A.z -81.0261 31.9746 3.77144
TA.K57A.z -76.5163 42.7313 3.64799
TA.454A.z -83.6302 30.7145 3.65529
TA.W53A.z -83.163 35.1696 3.70729
TA.J58A.z -75.2852 43.3603 3.67699
TA.658A.z -81.2578 29.422 3.75269
TA.P50A.z -83.7988 39.6086 3.62967
TA.M54A.z -79.6647 41.5079 3.63762
TA.L53A.z -80.2598 41.9539 3.6353
TA.X56A.z -81.0319 34.4923 3.72106
TA.M66A.z -70.1353 41.259 3.76228
TA.L43A.z -88.7423 42.1833 3.72038
TA.T55A.z -80.7843 37.117 3.5914
TA.I58A.z -74.9733 43.6901 3.68443
TA.H57A.z -75.3905 44.4624 3.66816
TA.L58A.z -75.8502 42.0447 3.6307
TA.I62A.z -71.3359 43.8743 3.73255
TA.H47A.z -84.2062 44.5994 3.68283
TA.E48A.z -82.1653 46.4809 3.71021
TA.148A.z -87.571 32.6469 3.86118
TA.Q53A.z -81.5251 38.8586 3.6313
TA.S61A.z -75.6727 37.6804 3.75376
TA.N61A.z -74.2969 40.7519 3.67327
TA.O55A.z -79.3041 40.2076 3.64354
TA.S56A.z -79.5662 37.6771 3.63518
TA.U57A.z -79.3364 36.4319 3.6983
TA.F55A.z -76.351 45.8338 3.72211
TA.F41A.z -89.1046 45.7387 3.57537
TA.G61A.z -71.5273 45.2827 3.63736
TA.N53A.z -80.8377 40.8065 3.5898
TA.D57A.z -73.8878 47.0172 3.69649
TA.D47A.z -83.1038 47.0558 3.77897
TA.P48A.z -85.4258 39.4605 3.73751
TA.M43A.z -88.9581 41.4365 3.52289
TA.E50A.z -80.7378 46.4232 3.70284
TA.K62A.z -72.2345 42.6651 3.78373
TA.958A.z -81.7543 27.5855 3.66188
TA.J45A.z -86.3889 43.4354 3.74657
TA.857A.z -82.2291 28.267 3.65317
TA.352A.z -84.9274 31.4793 3.75473
TA.I47A.z -84.5096 44.0193 3.67111
TA.H62A.z -71.1559 44.5743 3.64457
TA.Y54A.z -82.688 33.8621 3.69795
TA.I57A.z -75.6599 43.9377 3.71086
TA.V51A.z -84.3511 35.8033 3.64953
TA.KMSC.z -81.3333 35.142 3.67661
TA.150A.z -86.022 32.6067 3.60408
TA.K58A.z -75.6473 42.7633 3.6331
TA.Z52A.z -84.4176 33.1893 3.57596
TA.U49A.z -85.7796 36.5129 3.90739
TA.859A.z -80.8984 28.0592 3.77425
TA.F52A.z -79.3227 45.7951 3.6732
TA.R61A.z -75.339 38.3303 3.77035
TA.F48A.z -82.6185 45.8278 3.69894
TA.453A.z -84.3197 30.8541 3.66214
TA.P57A.z -78.0126 39.4835 3.64075
TA.P47A.z -86.2699 39.4869 3.66904
TA.H65A.z -68.2469 44.6961 3.72102
TA.U53A.z -82.5765 36.3644 3.68124
TA.M61A.z -73.7673 41.3104 3.67903
TA.T50A.z -84.8384 37.0204 3.6279
TA.S52A.z -83.0784 37.6791 3.63648
TA.T46A.z -87.8941 37.0417 3.87845
TA.E47A.z -83.2777 46.4547 3.69404
TA.K43A.z -88.332 42.7044 3.72972
TA.W47A.z -87.5946 35.2511 3.73504
TA.O52A.z -81.8361 40.1158 3.65289
TA.W57A.z -79.9928 35.1529 3.71659
TA.U58A.z -78.5493 36.3944 3.73657
TA.E59A.z -72.5108 46.4803 3.67678
TA.Y49A.z -86.4119 33.8577 3.69896
TA.X52A.z -83.8938 34.6032 3.60524
TA.E61A.z -70.489 46.4312 3.60928
TA.G58A.z -74.054 45.1492 3.68953
TA.L47A.z -85.2021 41.9756 3.76462
TA.S59A.z -77.2942 37.762 3.67673
TA.M50A.z -83.0428 41.4035 3.6342
TA.H53A.z -78.5832 44.5736 3.68701
TA.J62A.z -71.8127 43.2262 3.71218
TA.H43A.z -87.7704 44.4697 3.54236
TA.Q47A.z -86.4261 38.9362 3.60899
TA.Q57A.z -78.4107 39.0353 3.61925
TA.R53A.z -81.9522 38.3307 3.60019
TA.N49A.z -84.1825 40.922 3.6487
TA.D49A.z -81.3562 47.2726 3.7608
TA.G53A.z -78.6237 45.1222 3.70818
TA.O45A.z -87.7244 40.2489 3.61165
TA.957A.z -82.2357 27.6702 3.93047
TA.Z51A.z -85.1747 33.3167 3.72123
TA.F51A.z -79.915 45.9284 3.67846
TA.F45A.z -85.5156 45.6837 3.79888
TA.G65A.z -67.5632 45.2002 3.73325
TA.D63A.z -68.1066 47.037 3.72273
TA.SFIN.z -87.0967 40.379 3.56523
TA.656A.z -82.5348 29.3689 3.74978
TA.554A.z -83.6836 30.0841 3.57745
TA.P44A.z -88.6209 39.4676 3.73474
TA.M47A.z -85.6214 41.3594 3.73627
TA.H66A.z -67.3115 44.7859 3.77077
TA.H58A.z -74.1798 44.4176 3.72553
TA.I43A.z -88.146 43.8844 3.66975
TA.V48A.z -86.8219 35.74 3.74943
TA.Z56A.z -81.3687 33.3253 3.72361
TA.252A.z -84.7357 31.9962 3.80342
TA.154A.z -83.1066 32.6131 3.64546
TA.K54A.z -78.6908 42.6097 3.65678
TA.J49A.z -83.1389 43.36 3.73514
TA.W50A.z -85.3119 35.2002 3.65148
TA.J57A.z -75.9968 43.4099 3.68294
TA.P53A.z -81.3896 39.4868 3.64103
TA.P43A.z -89.5213 39.6409 3.83918
TA.349A.z -87.1924 31.3504 4.29218
TA.G57A.z -74.9855 45.1036 3.67273
TA.X55A.z -81.6336 34.4701 3.66863
TA.M49A.z -83.9752 41.4745 3.62925
TA.059A.z -81.144 26.9671 3.82111
TA.T54A.z -81.5762 37.0608 3.60421
TA.L44A.z -87.9119 42.1782 3.70502
TA.M55A.z -78.7649 41.4686 3.63865
TA.Y60A.z -78.2163 34.0046 3.79518
TA.249A.z -87.1225 31.9752 3.9827
TA.H56A.z -76.2594 44.593 3.65552
TA.M65A.z -70.6466 41.562 3.81484
TA.059Z.z -81.4432 26.3373 3.71617
TA.Q50A.z -83.979 38.8436 3.68996
TA.I61A.z -72.2087 43.9323 3.76049
TA.S47A.z -86.8779 37.5946 3.66093
TA.N62A.z -73.4677 40.9313 3.77047
TA.J48A.z -83.7849 43.2986 3.67628
TA.U54A.z -81.8204 36.5209 3.627
TA.S57A.z -78.9536 37.7605 3.62228
TA.T53A.z -82.535 36.9823 3.67412
TA.O56A.z -78.5663 40.2683 3.71902
TA.Q48A.z -85.7311 38.9295 3.69948
TA.N56A.z -78.2953 40.9171 3.6821
TA.F42A.z -88.1347 45.7587 3.80512
TA.449A.z -87.2151 30.7596 3.8113
TA.L63A.z -71.6095 41.8631 3.71331
TA.D52A.z -78.4117 46.9764 3.69249
TA.E55A.z -76.0572 46.4538 3.67786
TA.K61A.z -73.2676 42.6695 3.64255
TA.357A.z -81.4855 31.4239 3.77557
TA.J46A.z -85.6466 43.3478 3.66912
TA.S49A.z -85.2875 37.7849 3.7425
TA.X48A.z -87.0452 34.4517 3.80676
TA.Y51A.z -85.064 33.8993 3.87147
TA.T49A.z -85.5334 37.105 3.79419
TA.N59A.z -75.7703 40.9168 3.60543
TA.254A.z -83.2905 31.9457 3.66985
TA.D59A.z -71.8358 47.0073 3.69694
TA.V54A.z -81.9478 35.7771 3.67644
TA.Q43A.z -89.6991 38.941 3.71466
TA.V49A.z -85.903 35.7663 3.7369
TA.W60A.z -77.7133 35.0528 3.67044
TA.R57A.z -78.5232 38.297 3.64204
TA.858A.z -81.3616 28.2126 3.81079
TA.Z55A.z -82.1359 33.2211 3.70744
TA.K59A.z -74.8525 42.775 3.64718
TA.Y53A.z -83.5836 33.8554 3.71327
TA.F64A.z -68.3496 45.8633 3.67865
TA.U48A.z -86.5402 36.5107 3.75852
TA.O58A.z -76.9228 40.1231 3.6592
TA.W48A.z -86.9333 35.1386 3.62868
TA.J52A.z -80.4764 43.2407 3.7468
TA.F49A.z -82.0423 45.7627 3.75985
TA.O61A.z -74.553 40.0934 3.71231
TA.P56A.z -78.8386 39.5044 3.62775
TA.Q61A.z -75.3256 38.8799 3.73408
TA.E42A.z -87.914 46.4301 3.99987
TA.R59A.z -77.1164 38.2005 3.72117
TA.256A.z -81.8878 31.9799 3.73353
TA.158A.z -80.1935 32.7364 3.79326
TA.R45A.z -88.2812 38.2926 3.55261
TA.K46A.z -85.7834 42.6864 3.74884
TA.K50A.z -82.6231 42.7749 3.67079
TA.W54A.z -82.1859 35.0857 3.74043
TA.S60A.z -76.6535 37.7055 3.76693
TA.L64A.z -70.8391 41.9359 3.76646
TA.L56A.z -77.5591 42.1365 3.66766
TA.E56A.z -75.0341 46.5436 3.68298
TA.M51A.z -82.1831 41.3321 3.66116
TA.E60A.z -71.4469 46.3689 3.60823
TA.X51A.z -84.8574 34.5658 3.79527
TA.I49A.z -82.8246 43.94 3.7551
TA.H52A.z -79.8888 44.6422 3.83428
TA.L48A.z -84.4329 41.9438 3.65103
TA.J63A.z -71.0781 43.2792 3.73705
TA.R52A.z -82.6443 38.3366 3.59626
TA.G42A.z -88.4277 45.2418 3.67488
TA.Q54A.z -80.8338 38.9836 3.62072
TA.O44A.z -88.4671 40.1526 3.62131
TA.G54A.z -78.0898 45.3979 3.6679
TA.R48A.z -85.8714 38.4001 3.70602
TA.V60A.z -77.2629 35.765 3.7225
TA.N52A.z -81.6876 40.8125 3.6042
TA.F46A.z -84.7586 45.7737 3.54831
TA.G60A.z -72.3337 45.0977 3.64724
TA.757A.z -82.0685 28.9413 3.90749
TA.V59A.z -78.2394 35.7649 3.75032
TA.D56A.z -74.7568 47.0485 3.69589
TA.655A.z -83.2552 29.5107 3.66927
TA.G47A.z -83.8551 45.173 3.65556
TA.E51A.z -79.4924 46.5333 3.68723
TA.P49A.z -84.7164 39.5342 3.74506
TA.X60A.z -77.9768 34.5773 3.75584
TA.353A.z -84.2172 31.3474 3.62524
TA.J42A.z -89.1234 43.3179 3.55303
TA.M42A.z -89.7581 41.4546 3.80758
TA.Y55A.z -81.8581 33.9375 3.79043
TA.959A.z -80.8791 27.524 3.62596
TA.H63A.z -70.0353 44.6616 3.62701
TA.M58A.z -76.4603 41.3721 3.66377
TA.I46A.z -85.4472 43.9411 3.64262
TA.V50A.z -85.1 35.6713 3.61326
TA.N55A.z -78.9862 40.7808 3.64433
TA.060A.z -80.3618 27.0361 3.89344
TA.E41A.z -88.9636 46.4643 3.78601
TA.155A.z -82.4665 32.6219 3.67818
TA.F60A.z -71.9514 45.9688 3.62298
TA.R46A.z -87.5114 38.2124 3.68889
TA.K49A.z -83.4556 42.7835 3.6804
TA.060Z.z -80.556 26.4062 3.79876
TA.Z59A.z -79.278 33.2414 3.77041
TA.K55A.z -78.0696 42.7278 3.6215
TA.J56A.z -76.8579 43.276 3.68829
TA.F59A.z -72.7833 45.8513 3.66367
TA.456A.z -82.0223 30.7248 3.72794
TA.W51A.z -84.7599 35.1606 3.59004
TA.G45A.z -85.6571 45.0404 3.77032
TA.P52A.z -82.1325 39.6337 3.64484
TA.S53A.z -82.1264 37.6815 3.64339
TA.T57A.z -79.2538 36.9983 3.6561
TA.X46A.z -88.5844 34.5564 3.7008
TA.M56A.z -78.1826 41.4837 3.62054
TA.T47A.z -87.1055 36.9881 3.85524
TA.151A.z -85.3267 32.5269 3.66162
TA.M60A.z -74.625 41.3265 3.6616
TA.251A.z -85.409 32.0929 3.81802
TA.E46A.z -84.3062 46.3665 3.73124
TA.E62A.z -69.5227 46.6201 3.62199
TA.H45A.z -86.044 44.6232 3.78825
TA.I64A.z -69.6347 43.9197 3.75048
TA.K42A.z -89.3457 42.7792 3.63822
TA.W46A.z -88.3783 35.1333 4.21344
TA.O43A.z -89.313 40.2856 3.67923
TA.U59A.z -77.7925 36.3526 3.70898
TA.I59A.z -73.8744 43.7957 3.70135
TA.255A.z -82.4758 31.9263 3.68951
TA.S54A.z -81.3114 37.7997 3.59125
TA.U61A.z -76.4464 36.3319 3.70342
TA.W58A.z -79.2333 35.0208 3.7337
TA.N51A.z -82.3748 40.9183 3.62053
TA.F43A.z -87.1694 45.8313 3.59818
TA.N45A.z -87.5118 40.8479 3.77945
TA.D51A.z -79.3733 47.0904 3.75445
TA.E52A.z -78.6569 46.2851 3.6616
TA.L60A.z -74.2226 41.989 3.64877
TA.E64A.z -67.8285 46.4184 3.63041
TA.K60A.z -73.8886 42.6168 3.64738
TA.J47A.z -84.8214 43.2382 3.65061
TA.Y56A.z -81.3047 33.7922 3.77554
TA.X49A.z -86.326 34.5126 3.63611
TA.N58A.z -76.7158 40.8396 3.66662
TA.I45A.z -86.2348 44.0361 3.75046
TA.H48A.z -83.3249 44.7006 3.71972
TA.V57A.z -79.7758 35.8875 3.66791
TA.I51A.z -81.0231 43.8036 3.67197
TA.L57A.z -76.8492 42.0005 3.64492
TA.R56A.z -79.4031 38.4071 3.66031
TA.O53A.z -81.2129 40.2493 3.612
TA.G46A.z -84.8621 45.3176 3.6597
TA.Q58A.z -77.682 38.9413 3.72774
TA.D58A.z -72.8826 47.0954 3.68335
TA.152A.z -84.7188 32.6686 3.71536
TA.Z50A.z -85.9226 33.254 3.74887
TA.U47A.z -87.2892 36.4413 3.57509
TA.G64A.z -68.7558 45.2527 3.67095
TA.555A.z -82.9666 30.1212 3.59015
TA.556A.z -82.4057 30.0015 4.23784
TA.D60A.z -70.9237 46.9139 3.64259
TA.P59A.z -76.4327 39.6101 3.66586
TA.P45A.z -87.7439 39.5277 3.50377
TA.I42A.z -88.9134 43.8908 3.5443
TA.U55A.z -81.0472 36.5023 3.60816
TA.M63A.z -72.0464 41.4038 3.72622
TA.R58B.z -77.8787 37.9636 3.73717
TA.R58A.z -78.0034 38.2989 3.68489
TA.K51A.z -81.5082 42.7223 3.64339
TA.T59A.z -77.5541 36.9716 3.74617
TA.O50A.z -83.6199 40.1468 3.61604
TA.U50A.z -84.8431 36.4156 3.75511
TA.058A.z -81.8049 27.0569 3.83069
TA.M48A.z -84.7171 41.4846 3.65584
TA.M52A.z -81.357 41.5405 3.6252
TA.X54A.z -82.3743 34.5474 3.71894
TA.E63A.z -68.422 46.422 3.64424
TA.M64A.z -71.2102 41.5509 3.74366
TA.H55A.z -77.183 44.5505 3.66118
TA.H41A.z -89.6534 44.6164 3.91192
TA.J60A.z -73.4212 43.2438 3.67132
TA.I60A.z -73.2916 43.844 3.73012
TA.W49A.z -86.2645 35.1194 3.7601
TA.Q45A.z -88.1565 38.8948 3.74183
TA.Q51A.z -83.3456 39.026 3.63726
TA.R51A.z -83.5834 38.3001 3.64279
TA.N63A.z -72.5206 40.9878 3.83465
TA.O47A.z -86.1742 40.2361 3.5148
TA.S46A.z -87.7153 37.6849 3.77486
TA.O57A.z -77.6354 40.2104 3.66318
TA.S50A.z -84.4003 37.679 3.80705
TA.T52A.z -82.9852 37.1076 3.69758
TA.V61A.z -76.5776 35.7912 3.67336
TA.F57A.z -74.6928 45.8122 3.67008
TA.G63A.z -69.6186 45.1147 3.63491
TA.S48A.z -86.0569 37.6574 3.76478
TA.V58A.z -79.115 35.794 3.75786
TA.V46A.z -88.1177 35.8007 3.81727
TA.758A.z -81.1996 28.9621 3.71677
TA.D55A.z -75.4732 47.019 3.66494
TA.M45A.z -87.2504 41.3881 3.61562
TA.J43A.z -88.4185 43.3808 3.64856
TA.M59A.z -75.4321 41.5413 3.64264
TA.H60A.z -72.6986 44.5606 3.6348
TA.X59A.z -78.6023 34.572 3.70739
TA.I41A.z -89.8697 44.0592 3.6817
TA.I55A.z -77.6817 44.2161 3.67955
TA.F62A.z -69.9664 45.8968 3.64721
TA.N54A.z -79.9892 40.9617 3.64109
TA.156A.z -81.495 32.6542 3.75647
TA.Z54A.z -82.8417 33.2362 3.74992
TA.250A.z -86.2677 31.9778 3.51841
TA.O59A.z -76.1859 40.3114 3.62723
TA.J55A.z -77.8167 43.2657 3.7147
TA.451A.z -85.7467 30.616 3.94649
TA.552A.z -85.2938 30.1327 3.67154
TA.O60A.z -75.405 40.3177 3.65881
TA.P55A.z -79.8265 39.5078 3.60283
TA.Q60A.z -75.8429 39.0016 3.67055
