TA.T56A.z -80.0311 37.0288 4.12183
TA.Y58A.z -79.6665 33.9057 4.103
TA.X57A.z -80.094 34.4643 4.15231
TA.M57A.z -77.128 41.3372 4.13731
TA.U51A.z -84.0165 36.3786 4.05245
TA.X47A.z -87.8571 34.5178 4.05001
TA.TIGA.z -83.5898 31.4389 4.09025
TA.F63A.z -69.1029 45.703 4.05976
TA.H46A.z -85.2034 44.5397 4.05331
TA.I63A.z -70.5809 44.0505 4.06245
TA.149A.z -86.7916 32.5983 4.07565
TA.Q52A.z -82.2669 38.9622 4.14171
TA.N60A.z -75.1 40.8704 4.15339
TA.O54A.z -80.3778 40.1821 4.07292
TA.S55A.z -80.5013 37.7724 4.12235
TA.U56A.z -80.3829 36.3472 4.15258
TA.W59A.z -78.443 35.1673 4.13207
TA.N46A.z -86.7352 40.8949 4.05811
TA.V53A.z -82.8124 35.6694 4.02118
TA.L65A.z -70.0528 42.0295 4.04851
TA.E57A.z -74.1471 46.4117 4.13866
TA.X50B.z -85.6499 34.4611 4.1947
TA.355A.z -82.8518 31.3438 4.05356
TA.L55A.z -78.4368 42.1831 4.1479
TA.I48A.z -83.7022 44.1873 4.03823
TA.V47A.z -87.5205 35.8278 4.28871
TA.L49A.z -83.7672 42.1088 4.13648
TA.P60A.z -75.6358 39.8113 4.10366
TA.I52A.z -80.177 44.068 4.17194
TA.Q55A.z -80.0812 38.9952 4.13556
TA.R55A.z -80.1195 38.2825 4.08582
TA.G41A.z -89.1816 45.2118 3.8531
TA.R49A.z -85.1714 38.2916 4.07957
TA.G55A.z -76.7187 45.2532 4.12075
TA.U46A.z -88.1773 36.359 4.43518
TA.Z53A.z -83.5713 33.2801 4.15665
TA.153A.z -83.8316 32.6499 4.1562
TA.R60A.z -76.5807 38.2684 4.02614
TA.D61A.z -70.1868 47.2022 4.08065
TA.557A.z -81.7291 30.016 4.00638
TA.P58A.z -77.3005 39.4891 4.10368
TA.P46A.z -87.2067 39.6178 3.87339
TA.H64A.z -69.2203 44.6412 4.03433
TA.U60A.z -77.1596 36.4718 4.15732
TA.K48A.z -84.1197 42.8032 4.14386
TA.254A.z -83.2905 31.9457 4.11815
TA.O49A.z -84.3353 40.188 4.08943
TA.R47A.z -86.527 38.2957 4.31881
TA.061Z.z -80.907 25.8657 4.02395
TA.K56A.z -77.3244 42.6981 4.13807
TA.Z58A.z -79.8129 33.3349 4.05392
TA.F58A.z -73.8145 45.8663 4.134
TA.W52A.z -83.9277 35.0935 4.05507
TA.J59A.z -74.5041 43.4647 4.07948
TA.455A.z -83.026 30.7422 4.09233
TA.P51A.z -83.0601 39.4818 4.12374
TA.Q59A.z -76.6548 38.8644 4.07743
TA.E58A.z -73.2771 46.3721 4.12262
TA.X53A.z -83.3013 34.5031 4.09206
TA.M53A.z -80.675 41.4393 4.14008
TA.L50A.z -82.8095 42.043 4.09762
TA.G59A.z -73.1809 45.0807 4.06604
TA.T60A.z -76.7349 37.1397 4.14177
TA.S58A.z -78.0511 37.6126 4.0656
TA.L46A.z -86.2955 42.0127 4.17178
TA.J61A.z -72.5535 43.3462 4.09
TA.N48A.z -85.0271 40.8591 4.23252
TA.H42A.z -88.5311 44.5091 4.05535
TA.Q56A.z -79.1871 39.041 4.1007
TA.R50A.z -84.3274 38.2816 4.09571
TA.S45A.z -88.5804 37.6774 4.10036
TA.D48A.z -81.8072 47.1743 4.15466
TA.S51A.z -83.5935 37.6392 4.1081
TA.T51A.z -83.9454 36.9655 4.06104
TA.Y48A.z -87.1696 33.9131 4.07193
TA.N50A.z -83.1486 40.7711 4.09712
TA.L61A.z -73.5543 42.1934 4.17036
TA.E53A.z -77.6638 46.3784 4.14935
TA.L61B.z -72.6802 42.4498 4.10901
TA.D50A.z -79.8412 47.1668 4.11684
TA.351A.z -85.6036 31.2753 4.23853
TA.L59A.z -75.0426 42.1902 4.10198
TA.D46A.z -84.0357 46.891 4.09838
TA.Y57A.z -80.3915 34.017 4.09079
TA.K63A.z -71.5283 42.6888 4.13053
TA.V56A.z -80.4963 35.8097 4.1846
TA.157A.z -80.9972 32.678 4.06904
TA.253A.z -84.1294 32.0612 3.99986
TA.Z57A.z -80.7039 33.297 4.07438
TA.J54A.z -78.6392 43.2728 4.09504
TA.062Z.z -81.0523 24.7266 3.97063
TA.553A.z -84.4317 30.189 4.10777
TA.450A.z -86.5863 30.8038 4.04385
TA.Y52A.z -84.0626 33.864 4.16716
TA.P54A.z -80.4796 39.602 4.10195
TA.Z49A.z -86.5311 33.1942 4.34947
TA.U52A.z -83.3671 36.3929 4.09984
TA.T45A.z -88.6447 37.0196 4.35878
TA.V49A.z -85.903 35.7663 4.10359
TA.M62A.z -72.8939 41.4423 4.07114
TA.E44A.z -85.9214 46.6199 4.19824
TA.T58A.z -78.5338 36.9454 4.09741
TA.O51A.z -82.6056 40.147 4.0958
TA.K52A.z -80.7139 42.7805 4.18054
TA.W56A.z -80.5828 35.135 4.11474
TA.V52A.z -83.5959 35.8417 4.04987
TA.Q49A.z -84.8956 39.005 4.10252
TA.N47A.z -85.6942 40.8801 4.19672
TA.L62A.z -72.6617 42.0328 4.1058
TA.E54A.z -77.1869 46.4339 4.14933
TA.D53A.z -77.7001 47.0795 4.17496
TA.L54A.z -79.3162 42.2345 4.167
TA.356A.z -82.1275 31.3247 4.12362
TA.Y50A.z -85.7347 33.8911 4.30356
TA.P61A.z -74.7919 39.6734 4.09273
TA.I53A.z -79.5912 43.8238 4.16845
TA.R54A.z -80.9904 38.1809 4.10222
TA.V55A.z -81.2149 35.8518 4.11486
TA.W61A.z -76.9909 35.1773 4.14095
TA.457A.z -81.5563 30.6199 4.09432
TA.V62A.z -75.957 35.5612 4.08171
TA.D62A.z -69.0501 47.0819 4.07619
TA.657A.z -81.8665 29.5852 3.79414
TA.G62A.z -70.5319 45.2186 4.02814
TA.F44A.z -86.4226 45.9737 4.32756
TA.D54A.z -76.657 47.152 4.11573
TA.T48A.z -86.3943 37.1094 4.23621
TA.X58A.z -79.3388 34.5548 4.12407
TA.H61A.z -71.9271 44.5339 4.1267
TA.N57A.z -77.5509 40.7556 4.0772
TA.H59A.z -73.6905 44.6455 4.07267
TA.E43A.z -86.9954 46.3758 4.36792
TA.R44A.z -89.0809 38.2475 4.12318
TA.O48A.z -85.1553 40.2571 4.15058
TA.K47A.z -84.9993 42.6704 4.16191
TA.257A.z -81.0261 31.9746 4.18078
TA.K57A.z -76.5163 42.7313 4.15742
TA.454A.z -83.6302 30.7145 4.10669
TA.W53A.z -83.163 35.1696 3.9864
TA.J58A.z -75.2852 43.3603 4.08923
TA.658A.z -81.2578 29.422 4.06695
TA.P50A.z -83.7988 39.6086 4.10474
TA.M54A.z -79.6647 41.5079 4.1182
TA.L53A.z -80.2598 41.9539 4.13226
TA.X56A.z -81.0319 34.4923 4.15903
TA.M66A.z -70.1353 41.259 3.79036
TA.Y59A.z -78.8737 33.9897 nan
TA.T55A.z -80.7843 37.117 4.13201
TA.I58A.z -74.9733 43.6901 4.0826
TA.H57A.z -75.3905 44.4624 4.08406
TA.L58A.z -75.8502 42.0447 4.16087
TA.I62A.z -71.3359 43.8743 4.05501
TA.H47A.z -84.2062 44.5994 4.11349
TA.E48A.z -82.1653 46.4809 4.20293
TA.148A.z -87.571 32.6469 4.26114
TA.Q53A.z -81.5251 38.8586 4.13862
TA.S61A.z -75.6727 37.6804 4.09601
TA.N61A.z -74.2969 40.7519 4.10848
TA.O55A.z -79.3041 40.2076 4.05893
TA.S56A.z -79.5662 37.6771 4.09221
TA.U57A.z -79.3364 36.4319 4.13186
TA.F55A.z -76.351 45.8338 4.13025
TA.F41A.z -89.1046 45.7387 3.87686
TA.G61A.z -71.5273 45.2827 4.03555
TA.N53A.z -80.8377 40.8065 4.16836
TA.D57A.z -73.8878 47.0172 4.14144
TA.D47A.z -83.1038 47.0558 4.13077
TA.P48A.z -85.4258 39.4605 4.15542
TA.E50A.z -80.7378 46.4232 4.19738
TA.K62A.z -72.2345 42.6651 4.10346
TA.958A.z -81.7543 27.5855 4.18219
TA.J45A.z -86.3889 43.4354 4.08886
TA.857A.z -82.2291 28.267 3.83597
TA.352A.z -84.9274 31.4793 4.04663
TA.I47A.z -84.5096 44.0193 4.00786
TA.H62A.z -71.1559 44.5743 4.08745
TA.Y54A.z -82.688 33.8621 4.13576
TA.I57A.z -75.6599 43.9377 4.15474
TA.V51A.z -84.3511 35.8033 4.10979
TA.KMSC.z -81.3333 35.142 4.06796
TA.150A.z -86.022 32.6067 4.12756
TA.K58A.z -75.6473 42.7633 4.10891
TA.Z52A.z -84.4176 33.1893 4.1894
TA.U49A.z -85.7796 36.5129 4.16443
TA.859A.z -80.8984 28.0592 4.02068
TA.F52A.z -79.3227 45.7951 4.17802
TA.R61A.z -75.339 38.3303 4.08508
TA.F48A.z -82.6185 45.8278 4.12943
TA.453A.z -84.3197 30.8541 4.02583
TA.P57A.z -78.0126 39.4835 4.1008
TA.P47A.z -86.2699 39.4869 4.0732
TA.H65A.z -68.2469 44.6961 4.00912
TA.U53A.z -82.5765 36.3644 4.06754
TA.M61A.z -73.7673 41.3104 4.11219
TA.W48A.z -86.9333 35.1386 3.91413
TA.S52A.z -83.0784 37.6791 4.08143
TA.T46A.z -87.8941 37.0417 4.33925
TA.E47A.z -83.2777 46.4547 4.18964
TA.K43A.z -88.332 42.7044 4.3387
TA.W47A.z -87.5946 35.2511 4.03805
TA.O52A.z -81.8361 40.1158 4.20311
TA.W57A.z -79.9928 35.1529 4.1099
TA.U58A.z -78.5493 36.3944 4.10181
TA.E59A.z -72.5108 46.4803 4.15866
TA.L57A.z -76.8492 42.0005 4.16129
TA.X52A.z -83.8938 34.6032 3.9922
TA.E61A.z -70.489 46.4312 4.06661
TA.E63A.z -68.422 46.422 4.05839
TA.L47A.z -85.2021 41.9756 4.21958
TA.S59A.z -77.2942 37.762 4.11228
TA.M50A.z -83.0428 41.4035 4.14986
TA.H53A.z -78.5832 44.5736 4.11173
TA.J62A.z -71.8127 43.2262 4.05652
TA.H43A.z -87.7704 44.4697 4.02
TA.Q57A.z -78.4107 39.0353 4.12949
TA.R53A.z -81.9522 38.3307 4.05905
TA.N49A.z -84.1825 40.922 4.10212
TA.G43A.z -87.6861 45.2572 3.98909
TA.D49A.z -81.3562 47.2726 4.13904
TA.S44A.z -89.2551 37.6936 4.11452
TA.O45A.z -87.7244 40.2489 4.11919
TA.957A.z -82.2357 27.6702 4.04149
TA.Z51A.z -85.1747 33.3167 4.12927
TA.F51A.z -79.915 45.9284 4.15792
TA.F45A.z -85.5156 45.6837 4.0834
TA.G65A.z -67.5632 45.2002 4.02304
TA.D63A.z -68.1066 47.037 4.0338
TA.SFIN.z -87.0967 40.379 3.88871
TA.656A.z -82.5348 29.3689 3.92717
TA.554A.z -83.6836 30.0841 4.1312
TA.P44A.z -88.6209 39.4676 4.01957
TA.M47A.z -85.6214 41.3594 4.14426
TA.H66A.z -67.3115 44.7859 4.00483
TA.H58A.z -74.1798 44.4176 4.06453
TA.I43A.z -88.146 43.8844 4.2736
TA.V48A.z -86.8219 35.74 4.03637
TA.Z56A.z -81.3687 33.3253 4.05039
TA.252A.z -84.7357 31.9962 4.10227
TA.154A.z -83.1066 32.6131 4.05951
TA.K54A.z -78.6908 42.6097 4.12934
TA.J49A.z -83.1389 43.36 4.08905
TA.W50A.z -85.3119 35.2002 4.11041
TA.J57A.z -75.9968 43.4099 4.12486
TA.P53A.z -81.3896 39.4868 4.15003
TA.P43A.z -89.5213 39.6409 4.17503
TA.349A.z -87.1924 31.3504 4.14172
TA.G57A.z -74.9855 45.1036 4.1064
TA.X55A.z -81.6336 34.4701 4.10507
TA.M49A.z -83.9752 41.4745 4.15148
TA.059A.z -81.144 26.9671 4.06752
TA.T54A.z -81.5762 37.0608 4.14801
TA.M55A.z -78.7649 41.4686 4.13661
TA.Y60A.z -78.2163 34.0046 4.11022
TA.249A.z -87.1225 31.9752 4.01017
TA.H56A.z -76.2594 44.593 4.10829
TA.M65A.z -70.6466 41.562 3.99759
TA.059Z.z -81.4432 26.3373 4.06712
TA.Q50A.z -83.979 38.8436 4.06158
TA.I61A.z -72.2087 43.9323 4.10938
TA.S47A.z -86.8779 37.5946 4.10734
TA.N62A.z -73.4677 40.9313 4.11299
TA.J48A.z -83.7849 43.2986 4.05891
TA.U54A.z -81.8204 36.5209 4.07114
TA.S57A.z -78.9536 37.7605 4.00328
TA.T53A.z -82.535 36.9823 4.09244
TA.O56A.z -78.5663 40.2683 4.13329
TA.Q48A.z -85.7311 38.9295 4.1002
TA.N56A.z -78.2953 40.9171 4.13669
TA.F42A.z -88.1347 45.7587 4.15882
TA.449A.z -87.2151 30.7596 3.99852
TA.L63A.z -71.6095 41.8631 4.08651
TA.D52A.z -78.4117 46.9764 4.12919
TA.E55A.z -76.0572 46.4538 4.15194
TA.K61A.z -73.2676 42.6695 4.12628
TA.357A.z -81.4855 31.4239 4.16714
TA.J46A.z -85.6466 43.3478 4.12805
TA.S49A.z -85.2875 37.7849 4.11403
TA.X48A.z -87.0452 34.4517 4.00698
TA.Y51A.z -85.064 33.8993 4.07112
TA.T49A.z -85.5334 37.105 4.12803
TA.N59A.z -75.7703 40.9168 4.1533
TA.F61A.z -70.9921 45.9743 4.09382
TA.D59A.z -71.8358 47.0073 4.0656
TA.V54A.z -81.9478 35.7771 4.06848
TA.Q43A.z -89.6991 38.941 4.34847
TA.V46A.z -88.1177 35.8007 4.34539
TA.W60A.z -77.7133 35.0528 4.08885
TA.R57A.z -78.5232 38.297 4.08005
TA.858A.z -81.3616 28.2126 4.26786
TA.Z55A.z -82.1359 33.2211 4.10342
TA.K59A.z -74.8525 42.775 4.10265
TA.Y53A.z -83.5836 33.8554 4.1342
TA.F64A.z -68.3496 45.8633 4.07448
TA.U48A.z -86.5402 36.5107 4.24418
TA.O58A.z -76.9228 40.1231 4.0917
TA.T50A.z -84.8384 37.0204 4.14175
TA.J52A.z -80.4764 43.2407 4.17585
TA.452A.z -85.183 30.8492 3.9563
TA.F49A.z -82.0423 45.7627 4.14428
TA.O61A.z -74.553 40.0934 4.07812
TA.P56A.z -78.8386 39.5044 4.0879
TA.Q61A.z -75.3256 38.8799 4.10906
TA.E42A.z -87.914 46.4301 4.11663
TA.R59A.z -77.1164 38.2005 4.05009
TA.256A.z -81.8878 31.9799 4.12833
TA.158A.z -80.1935 32.7364 4.02301
TA.R45A.z -88.2812 38.2926 4.08584
TA.K46A.z -85.7834 42.6864 4.20288
TA.K50A.z -82.6231 42.7749 4.07166
TA.W54A.z -82.1859 35.0857 4.04712
TA.S60A.z -76.6535 37.7055 4.10762
TA.L64A.z -70.8391 41.9359 4.05942
TA.L56A.z -77.5591 42.1365 4.16529
TA.E56A.z -75.0341 46.5436 4.14772
TA.M51A.z -82.1831 41.3321 4.18617
TA.E60A.z -71.4469 46.3689 4.09918
TA.X51A.z -84.8574 34.5658 4.09948
TA.I49A.z -82.8246 43.94 4.11282
TA.H52A.z -79.8888 44.6422 4.13531
TA.L48A.z -84.4329 41.9438 4.13765
TA.J63A.z -71.0781 43.2792 4.09753
TA.Q46A.z -87.3575 39.0231 4.23639
TA.R52A.z -82.6443 38.3366 4.11508
TA.G42A.z -88.4277 45.2418 3.91753
TA.Q54A.z -80.8338 38.9836 4.13039
TA.O44A.z -88.4671 40.1526 4.36104
TA.G54A.z -78.0898 45.3979 4.19444
TA.R48A.z -85.8714 38.4001 4.29421
TA.V60A.z -77.2629 35.765 4.10208
TA.N52A.z -81.6876 40.8125 4.19494
TA.F46A.z -84.7586 45.7737 4.13851
TA.G60A.z -72.3337 45.0977 4.01203
TA.757A.z -82.0685 28.9413 4.08966
TA.V59A.z -78.2394 35.7649 4.11562
TA.D56A.z -74.7568 47.0485 4.13184
TA.655A.z -83.2552 29.5107 4.07208
TA.G47A.z -83.8551 45.173 4.1689
TA.E51A.z -79.4924 46.5333 4.13726
TA.P49A.z -84.7164 39.5342 4.12051
TA.X60A.z -77.9768 34.5773 4.08401
TA.353A.z -84.2172 31.3474 4.10803
TA.J42A.z -89.1234 43.3179 4.10986
TA.Y55A.z -81.8581 33.9375 4.07615
TA.959A.z -80.8791 27.524 4.07046
TA.H63A.z -70.0353 44.6616 4.05235
TA.M58A.z -76.4603 41.3721 4.17297
TA.I46A.z -85.4472 43.9411 4.03036
TA.V50A.z -85.1 35.6713 4.13408
TA.N55A.z -78.9862 40.7808 4.08478
TA.060A.z -80.3618 27.0361 4.03517
TA.E41A.z -88.9636 46.4643 4.0603
TA.155A.z -82.4665 32.6219 4.02664
TA.F60A.z -71.9514 45.9688 4.05707
TA.R46A.z -87.5114 38.2124 4.1848
TA.K49A.z -83.4556 42.7835 4.08246
TA.060Z.z -80.556 26.4062 3.93418
TA.Z59A.z -79.278 33.2414 4.06004
TA.K55A.z -78.0696 42.7278 4.15287
TA.J56A.z -76.8579 43.276 4.09319
TA.F59A.z -72.7833 45.8513 4.08765
TA.456A.z -82.0223 30.7248 4.08106
TA.W51A.z -84.7599 35.1606 4.15767
TA.G45A.z -85.6571 45.0404 4.0721
TA.P52A.z -82.1325 39.6337 4.16549
TA.S53A.z -82.1264 37.6815 4.08261
TA.T57A.z -79.2538 36.9983 4.10587
TA.X46A.z -88.5844 34.5564 4.05978
TA.M56A.z -78.1826 41.4837 4.1207
TA.T47A.z -87.1055 36.9881 4.25428
TA.151A.z -85.3267 32.5269 3.93997
TA.M60A.z -74.625 41.3265 4.13489
TA.U50A.z -84.8431 36.4156 4.12729
TA.E46A.z -84.3062 46.3665 4.1903
TA.E62A.z -69.5227 46.6201 4.12028
TA.H45A.z -86.044 44.6232 4.10833
TA.I64A.z -69.6347 43.9197 4.04842
TA.K42A.z -89.3457 42.7792 4.41141
TA.W46A.z -88.3783 35.1333 4.17865
TA.O43A.z -89.313 40.2856 4.3048
TA.U59A.z -77.7925 36.3526 4.19909
TA.I59A.z -73.8744 43.7957 4.05132
TA.255A.z -82.4758 31.9263 4.08882
TA.S54A.z -81.3114 37.7997 4.14003
TA.U61A.z -76.4464 36.3319 4.0687
TA.W58A.z -79.2333 35.0208 4.13835
TA.N51A.z -82.3748 40.9183 4.08339
TA.F43A.z -87.1694 45.8313 4.31885
TA.N45A.z -87.5118 40.8479 4.40933
TA.D51A.z -79.3733 47.0904 4.12431
TA.E52A.z -78.6569 46.2851 4.16638
TA.L60A.z -74.2226 41.989 4.13664
TA.S48A.z -86.0569 37.6574 4.15399
TA.350A.z -86.3353 31.4207 4.14554
TA.K60A.z -73.8886 42.6168 4.08216
TA.J47A.z -84.8214 43.2382 4.14336
TA.Y56A.z -81.3047 33.7922 4.15096
TA.X49A.z -86.326 34.5126 4.1453
TA.N58A.z -76.7158 40.8396 4.10424
TA.I45A.z -86.2348 44.0361 4.04733
TA.H48A.z -83.3249 44.7006 4.02325
TA.V57A.z -79.7758 35.8875 4.06856
TA.I51A.z -81.0231 43.8036 3.98844
TA.Y49A.z -86.4119 33.8577 4.05961
TA.R56A.z -79.4031 38.4071 4.05129
TA.O53A.z -81.2129 40.2493 4.1705
TA.G46A.z -84.8621 45.3176 4.15255
TA.Q58A.z -77.682 38.9413 4.11501
TA.D58A.z -72.8826 47.0954 4.09468
TA.152A.z -84.7188 32.6686 4.07847
TA.Z50A.z -85.9226 33.254 4.00244
TA.U47A.z -87.2892 36.4413 4.17844
TA.G64A.z -68.7558 45.2527 4.0598
TA.555A.z -82.9666 30.1212 4.13125
TA.556A.z -82.4057 30.0015 4.04913
TA.D60A.z -70.9237 46.9139 4.05263
TA.P59A.z -76.4327 39.6101 4.08858
TA.M46A.z -86.3524 41.4079 4.11436
TA.P45A.z -87.7439 39.5277 3.95159
TA.I42A.z -88.9134 43.8908 4.22331
TA.U55A.z -81.0472 36.5023 4.11303
TA.M63A.z -72.0464 41.4038 4.04962
TA.E45A.z -85.1774 46.3563 4.31155
TA.R58B.z -77.8787 37.9636 4.03057
TA.R58A.z -78.0034 38.2989 4.07214
TA.K51A.z -81.5082 42.7223 4.13741
TA.T59A.z -77.5541 36.9716 4.13395
TA.O50A.z -83.6199 40.1468 4.08657
TA.058A.z -81.8049 27.0569 4.0773
TA.M48A.z -84.7171 41.4846 4.13541
TA.M52A.z -81.357 41.5405 4.18025
TA.X54A.z -82.3743 34.5474 4.07041
TA.G58A.z -74.054 45.1492 4.06582
TA.M64A.z -71.2102 41.5509 4.0866
TA.H55A.z -77.183 44.5505 4.09835
TA.H41A.z -89.6534 44.6164 3.98402
TA.J60A.z -73.4212 43.2438 4.05243
TA.I60A.z -73.2916 43.844 4.08366
TA.W49A.z -86.2645 35.1194 4.03884
TA.Q45A.z -88.1565 38.8948 4.08934
TA.Q51A.z -83.3456 39.026 4.05097
TA.R51A.z -83.5834 38.3001 4.07757
TA.N63A.z -72.5206 40.9878 4.08718
TA.O47A.z -86.1742 40.2361 3.60564
TA.S46A.z -87.7153 37.6849 4.06106
TA.O57A.z -77.6354 40.2104 4.1163
TA.S50A.z -84.4003 37.679 4
TA.T52A.z -82.9852 37.1076 4.0769
TA.V61A.z -76.5776 35.7912 4.12232
TA.F57A.z -74.6928 45.8122 4.1579
TA.G63A.z -69.6186 45.1147 4.04294
TA.E64A.z -67.8285 46.4184 3.97621
TA.V58A.z -79.115 35.794 4.10125
TA.758A.z -81.1996 28.9621 3.94231
TA.D55A.z -75.4732 47.019 4.10246
TA.J43A.z -88.4185 43.3808 3.96112
TA.M59A.z -75.4321 41.5413 4.11111
TA.H60A.z -72.6986 44.5606 4.03571
TA.X59A.z -78.6023 34.572 4.1127
TA.I41A.z -89.8697 44.0592 4.28965
TA.251A.z -85.409 32.0929 4.13866
TA.I55A.z -77.6817 44.2161 4.07948
TA.F62A.z -69.9664 45.8968 4.06981
TA.N54A.z -79.9892 40.9617 4.06802
TA.156A.z -81.495 32.6542 4.13113
TA.Z54A.z -82.8417 33.2362 4.09039
TA.250A.z -86.2677 31.9778 4.07968
TA.O59A.z -76.1859 40.3114 4.15404
TA.J55A.z -77.8167 43.2657 4.0558
TA.451A.z -85.7467 30.616 3.9664
TA.552A.z -85.2938 30.1327 3.93791
TA.O60A.z -75.405 40.3177 4.14456
TA.G53A.z -78.6237 45.1222 4.17993
TA.P55A.z -79.8265 39.5078 4.07677
TA.Q60A.z -75.8429 39.0016 4.09347
