TA.T56A.z -80.0311 37.0288 3.61232
TA.Y58A.z -79.6665 33.9057 3.76805
TA.X57A.z -80.094 34.4643 3.75372
TA.M57A.z -77.128 41.3372 3.65594
TA.U51A.z -84.0165 36.3786 3.63539
TA.X47A.z -87.8571 34.5178 3.66837
TA.TIGA.z -83.5898 31.4389 3.71645
TA.F63A.z -69.1029 45.703 3.6942
TA.H46A.z -85.2034 44.5397 3.70572
TA.I63A.z -70.5809 44.0505 3.70108
TA.149A.z -86.7916 32.5983 3.72268
TA.Q52A.z -82.2669 38.9622 3.6379
TA.N60A.z -75.1 40.8704 3.66711
TA.O54A.z -80.3778 40.1821 3.64237
TA.S55A.z -80.5013 37.7724 3.6234
TA.U56A.z -80.3829 36.3472 3.64926
TA.W59A.z -78.443 35.1673 3.71944
TA.V53A.z -82.8124 35.6694 3.66033
TA.L65A.z -70.0528 42.0295 3.77672
TA.E57A.z -74.1471 46.4117 3.73308
TA.355A.z -82.8518 31.3438 3.73026
TA.L55A.z -78.4368 42.1831 3.68584
TA.I48A.z -83.7022 44.1873 3.72133
TA.V47A.z -87.5205 35.8278 3.63712
TA.L49A.z -83.7672 42.1088 3.6778
TA.P60A.z -75.6358 39.8113 3.7386
TA.I52A.z -80.177 44.068 3.73593
TA.Q55A.z -80.0812 38.9952 3.64508
TA.R55A.z -80.1195 38.2825 3.70483
TA.R49A.z -85.1714 38.2916 3.69896
TA.G55A.z -76.7187 45.2532 3.71542
TA.U46A.z -88.1773 36.359 3.99804
TA.Z53A.z -83.5713 33.2801 3.78355
TA.153A.z -83.8316 32.6499 3.73349
TA.R60A.z -76.5807 38.2684 3.76292
TA.D61A.z -70.1868 47.2022 3.67553
TA.557A.z -81.7291 30.016 3.85872
TA.P58A.z -77.3005 39.4891 3.72133
TA.H64A.z -69.2203 44.6412 3.71833
TA.U60A.z -77.1596 36.4718 3.76873
TA.Y59A.z -78.8737 33.9897 3.77983
TA.K48A.z -84.1197 42.8032 3.67971
TA.F61A.z -70.9921 45.9743 3.6565
TA.O49A.z -84.3353 40.188 3.70733
TA.R47A.z -86.527 38.2957 3.60065
TA.061Z.z -80.907 25.8657 3.71439
TA.K56A.z -77.3244 42.6981 3.679
TA.Z58A.z -79.8129 33.3349 3.75442
TA.F58A.z -73.8145 45.8663 3.73398
TA.W52A.z -83.9277 35.0935 3.6545
TA.J59A.z -74.5041 43.4647 3.75744
TA.455A.z -83.026 30.7422 3.80857
TA.P51A.z -83.0601 39.4818 3.68428
TA.Q59A.z -76.6548 38.8644 3.76757
TA.E58A.z -73.2771 46.3721 3.75679
TA.X53A.z -83.3013 34.5031 3.60531
TA.M53A.z -80.675 41.4393 3.6457
TA.L50A.z -82.8095 42.043 3.73947
TA.G59A.z -73.1809 45.0807 3.71608
TA.T60A.z -76.7349 37.1397 3.78414
TA.S58A.z -78.0511 37.6126 3.79241
TA.L46A.z -86.2955 42.0127 3.78086
TA.J61A.z -72.5535 43.3462 3.72888
TA.N48A.z -85.0271 40.8591 3.67589
TA.H42A.z -88.5311 44.5091 3.9461
TA.Q56A.z -79.1871 39.041 3.65924
TA.R50A.z -84.3274 38.2816 3.62812
TA.S45A.z -88.5804 37.6774 3.75156
TA.D48A.z -81.8072 47.1743 3.79428
TA.S51A.z -83.5935 37.6392 3.67807
TA.T51A.z -83.9454 36.9655 3.69007
TA.Y48A.z -87.1696 33.9131 3.74788
TA.N50A.z -83.1486 40.7711 3.65125
TA.L61A.z -73.5543 42.1934 3.69056
TA.E53A.z -77.6638 46.3784 3.74506
TA.L61B.z -72.6802 42.4498 3.69361
TA.D50A.z -79.8412 47.1668 3.81237
TA.351A.z -85.6036 31.2753 3.60609
TA.L59A.z -75.0426 42.1902 3.68525
TA.D46A.z -84.0357 46.891 3.78752
TA.Y57A.z -80.3915 34.017 3.75586
TA.K63A.z -71.5283 42.6888 3.79751
TA.V56A.z -80.4963 35.8097 3.7532
TA.157A.z -80.9972 32.678 3.7368
TA.253A.z -84.1294 32.0612 3.65971
TA.Z57A.z -80.7039 33.297 3.72493
TA.J54A.z -78.6392 43.2728 3.71068
TA.062Z.z -81.0523 24.7266 3.73862
TA.553A.z -84.4317 30.189 3.76429
TA.450A.z -86.5863 30.8038 3.6426
TA.L48A.z -84.4329 41.9438 3.69542
TA.P54A.z -80.4796 39.602 3.65997
TA.Z49A.z -86.5311 33.1942 3.5922
TA.U52A.z -83.3671 36.3929 3.59516
TA.T45A.z -88.6447 37.0196 3.7314
TA.V49A.z -85.903 35.7663 3.74329
TA.M62A.z -72.8939 41.4423 3.77266
TA.E44A.z -85.9214 46.6199 3.58485
TA.T58A.z -78.5338 36.9454 3.76565
TA.O51A.z -82.6056 40.147 3.66091
TA.K52A.z -80.7139 42.7805 3.7027
TA.W56A.z -80.5828 35.135 3.7153
TA.V52A.z -83.5959 35.8417 3.70388
TA.Q49A.z -84.8956 39.005 3.67804
TA.N47A.z -85.6942 40.8801 3.84757
TA.L62A.z -72.6617 42.0328 3.80164
TA.V48A.z -86.8219 35.74 3.81505
TA.D53A.z -77.7001 47.0795 3.74193
TA.L54A.z -79.3162 42.2345 3.66108
TA.356A.z -82.1275 31.3247 3.73552
TA.Y50A.z -85.7347 33.8911 3.72194
TA.P61A.z -74.7919 39.6734 3.84968
TA.I53A.z -79.5912 43.8238 3.68262
TA.R54A.z -80.9904 38.1809 3.63734
TA.V55A.z -81.2149 35.8518 3.70449
TA.W61A.z -76.9909 35.1773 3.78321
TA.457A.z -81.5563 30.6199 3.84225
TA.V62A.z -75.957 35.5612 3.77675
TA.D62A.z -69.0501 47.0819 3.6931
TA.657A.z -81.8665 29.5852 3.96247
TA.G62A.z -70.5319 45.2186 3.69134
TA.F44A.z -86.4226 45.9737 3.5075
TA.D54A.z -76.657 47.152 3.71789
TA.T48A.z -86.3943 37.1094 3.66123
TA.M44A.z -88.0432 41.3882 3.80237
TA.X58A.z -79.3388 34.5548 3.77385
TA.H61A.z -71.9271 44.5339 3.67376
TA.N57A.z -77.5509 40.7556 3.69156
TA.H59A.z -73.6905 44.6455 3.71798
TA.E43A.z -86.9954 46.3758 3.88056
TA.R44A.z -89.0809 38.2475 3.82618
TA.O48A.z -85.1553 40.2571 3.73592
TA.K47A.z -84.9993 42.6704 3.7577
TA.257A.z -81.0261 31.9746 3.8292
TA.K57A.z -76.5163 42.7313 3.65966
TA.454A.z -83.6302 30.7145 3.73804
TA.W53A.z -83.163 35.1696 3.66968
TA.J58A.z -75.2852 43.3603 3.69776
TA.658A.z -81.2578 29.422 3.87608
TA.P50A.z -83.7988 39.6086 3.7254
TA.M54A.z -79.6647 41.5079 3.63199
TA.L53A.z -80.2598 41.9539 3.62521
TA.X56A.z -81.0319 34.4923 3.78563
TA.M66A.z -70.1353 41.259 3.83381
TA.L43A.z -88.7423 42.1833 3.6203
TA.T55A.z -80.7843 37.117 3.62991
TA.I58A.z -74.9733 43.6901 3.73774
TA.H57A.z -75.3905 44.4624 3.70017
TA.L58A.z -75.8502 42.0447 3.67895
TA.I62A.z -71.3359 43.8743 3.77443
TA.H47A.z -84.2062 44.5994 3.70335
TA.E48A.z -82.1653 46.4809 3.8007
TA.148A.z -87.571 32.6469 3.83302
TA.Q53A.z -81.5251 38.8586 3.64385
TA.S61A.z -75.6727 37.6804 3.79383
TA.N61A.z -74.2969 40.7519 3.77787
TA.O55A.z -79.3041 40.2076 3.64908
TA.S56A.z -79.5662 37.6771 3.61827
TA.U57A.z -79.3364 36.4319 3.76392
TA.F55A.z -76.351 45.8338 3.72559
TA.G61A.z -71.5273 45.2827 3.70044
TA.N53A.z -80.8377 40.8065 3.65816
TA.D57A.z -73.8878 47.0172 3.72227
TA.D47A.z -83.1038 47.0558 3.7321
TA.P48A.z -85.4258 39.4605 3.81201
TA.M43A.z -88.9581 41.4365 3.60167
TA.E50A.z -80.7378 46.4232 3.77225
TA.K62A.z -72.2345 42.6651 3.777
TA.958A.z -81.7543 27.5855 3.71196
TA.J45A.z -86.3889 43.4354 3.7717
TA.857A.z -82.2291 28.267 3.93964
TA.352A.z -84.9274 31.4793 3.74107
TA.I47A.z -84.5096 44.0193 3.70265
TA.H62A.z -71.1559 44.5743 3.74468
TA.Y54A.z -82.688 33.8621 3.71211
TA.I57A.z -75.6599 43.9377 3.70762
TA.V51A.z -84.3511 35.8033 3.63112
TA.KMSC.z -81.3333 35.142 3.72231
TA.150A.z -86.022 32.6067 3.6329
TA.K58A.z -75.6473 42.7633 3.64922
TA.Z52A.z -84.4176 33.1893 3.63655
TA.U49A.z -85.7796 36.5129 3.79582
TA.859A.z -80.8984 28.0592 3.69478
TA.F52A.z -79.3227 45.7951 3.75523
TA.R61A.z -75.339 38.3303 3.75336
TA.F48A.z -82.6185 45.8278 3.72236
TA.453A.z -84.3197 30.8541 3.76171
TA.P57A.z -78.0126 39.4835 3.65556
TA.P47A.z -86.2699 39.4869 3.74301
TA.H65A.z -68.2469 44.6961 3.74503
TA.U53A.z -82.5765 36.3644 3.62474
TA.M61A.z -73.7673 41.3104 3.7501
TA.W48A.z -86.9333 35.1386 3.71789
TA.S52A.z -83.0784 37.6791 3.64791
TA.T46A.z -87.8941 37.0417 3.76587
TA.E47A.z -83.2777 46.4547 3.7338
TA.K43A.z -88.332 42.7044 3.83063
TA.W47A.z -87.5946 35.2511 3.86425
TA.O52A.z -81.8361 40.1158 3.71984
TA.W57A.z -79.9928 35.1529 3.76777
TA.U58A.z -78.5493 36.3944 3.7793
TA.E59A.z -72.5108 46.4803 3.71491
TA.Y49A.z -86.4119 33.8577 3.67111
TA.X52A.z -83.8938 34.6032 3.59068
TA.E61A.z -70.489 46.4312 3.65404
TA.G58A.z -74.054 45.1492 3.71792
TA.L47A.z -85.2021 41.9756 3.76386
TA.S59A.z -77.2942 37.762 3.76904
TA.M50A.z -83.0428 41.4035 3.68941
TA.H53A.z -78.5832 44.5736 3.71193
TA.J62A.z -71.8127 43.2262 3.75536
TA.H43A.z -87.7704 44.4697 3.55472
TA.Q47A.z -86.4261 38.9362 3.66296
TA.Q57A.z -78.4107 39.0353 3.63472
TA.R53A.z -81.9522 38.3307 3.63065
TA.N49A.z -84.1825 40.922 3.69536
TA.G43A.z -87.6861 45.2572 3.77028
TA.D49A.z -81.3562 47.2726 3.77665
TA.S44A.z -89.2551 37.6936 3.71807
TA.O45A.z -87.7244 40.2489 3.80804
TA.957A.z -82.2357 27.6702 3.87828
TA.Z51A.z -85.1747 33.3167 3.76435
TA.F51A.z -79.915 45.9284 3.71701
TA.F45A.z -85.5156 45.6837 3.79512
TA.G65A.z -67.5632 45.2002 3.75357
TA.D63A.z -68.1066 47.037 3.73966
TA.656A.z -82.5348 29.3689 3.73772
TA.554A.z -83.6836 30.0841 3.74844
TA.P44A.z -88.6209 39.4676 3.69754
TA.M47A.z -85.6214 41.3594 3.79672
TA.H66A.z -67.3115 44.7859 3.8258
TA.H58A.z -74.1798 44.4176 3.74393
TA.I43A.z -88.146 43.8844 3.70326
TA.E54A.z -77.1869 46.4339 3.73994
TA.Z56A.z -81.3687 33.3253 3.76946
TA.252A.z -84.7357 31.9962 3.85089
TA.154A.z -83.1066 32.6131 3.70711
TA.K54A.z -78.6908 42.6097 3.67745
TA.J49A.z -83.1389 43.36 3.7811
TA.W50A.z -85.3119 35.2002 3.6056
TA.J57A.z -75.9968 43.4099 3.67419
TA.P53A.z -81.3896 39.4868 3.62681
TA.349A.z -87.1924 31.3504 4.05022
TA.G57A.z -74.9855 45.1036 3.68606
TA.X55A.z -81.6336 34.4701 3.72002
TA.M49A.z -83.9752 41.4745 3.65144
TA.059A.z -81.144 26.9671 3.68227
TA.T54A.z -81.5762 37.0608 3.64577
TA.L44A.z -87.9119 42.1782 3.8258
TA.M55A.z -78.7649 41.4686 3.62479
TA.Y60A.z -78.2163 34.0046 3.83579
TA.249A.z -87.1225 31.9752 3.8924
TA.H56A.z -76.2594 44.593 3.72008
TA.M65A.z -70.6466 41.562 3.85677
TA.059Z.z -81.4432 26.3373 3.66799
TA.Q50A.z -83.979 38.8436 3.63301
TA.I61A.z -72.2087 43.9323 3.73195
TA.S47A.z -86.8779 37.5946 3.67304
TA.N62A.z -73.4677 40.9313 3.77459
TA.J48A.z -83.7849 43.2986 3.66376
TA.U54A.z -81.8204 36.5209 3.68443
TA.S57A.z -78.9536 37.7605 3.65594
TA.T53A.z -82.535 36.9823 3.67864
TA.O56A.z -78.5663 40.2683 3.66849
TA.Q48A.z -85.7311 38.9295 3.74822
TA.N56A.z -78.2953 40.9171 3.71966
TA.F42A.z -88.1347 45.7587 3.76886
TA.449A.z -87.2151 30.7596 3.6949
TA.L63A.z -71.6095 41.8631 3.78903
TA.D52A.z -78.4117 46.9764 3.73738
TA.N44A.z -88.1333 40.7953 3.6248
TA.E55A.z -76.0572 46.4538 3.71137
TA.K61A.z -73.2676 42.6695 3.67121
TA.357A.z -81.4855 31.4239 3.88506
TA.J46A.z -85.6466 43.3478 3.77083
TA.S49A.z -85.2875 37.7849 3.7338
TA.X48A.z -87.0452 34.4517 3.80376
TA.Y51A.z -85.064 33.8993 3.75729
TA.W51A.z -84.7599 35.1606 3.61377
TA.N59A.z -75.7703 40.9168 3.67985
TA.254A.z -83.2905 31.9457 3.69026
TA.D59A.z -71.8358 47.0073 3.73436
TA.V54A.z -81.9478 35.7771 3.6808
TA.Q43A.z -89.6991 38.941 3.57998
TA.V46A.z -88.1177 35.8007 3.94959
TA.W60A.z -77.7133 35.0528 3.71489
TA.R57A.z -78.5232 38.297 3.69053
TA.858A.z -81.3616 28.2126 3.83372
TA.Z55A.z -82.1359 33.2211 3.81345
TA.K59A.z -74.8525 42.775 3.69982
TA.Y53A.z -83.5836 33.8554 3.69362
TA.F64A.z -68.3496 45.8633 3.7041
TA.U48A.z -86.5402 36.5107 3.72639
TA.O58A.z -76.9228 40.1231 3.70051
TA.T50A.z -84.8384 37.0204 3.63819
TA.J52A.z -80.4764 43.2407 3.78878
TA.452A.z -85.183 30.8492 3.91596
TA.555A.z -82.9666 30.1212 3.63065
TA.O61A.z -74.553 40.0934 3.84962
TA.P56A.z -78.8386 39.5044 3.61152
TA.Q61A.z -75.3256 38.8799 3.70567
TA.E42A.z -87.914 46.4301 3.98406
TA.R59A.z -77.1164 38.2005 3.78751
TA.256A.z -81.8878 31.9799 3.69729
TA.158A.z -80.1935 32.7364 3.79661
TA.K46A.z -85.7834 42.6864 3.78906
TA.K50A.z -82.6231 42.7749 3.68922
TA.W54A.z -82.1859 35.0857 3.74394
TA.S60A.z -76.6535 37.7055 3.73483
TA.L64A.z -70.8391 41.9359 3.76544
TA.L56A.z -77.5591 42.1365 3.66883
TA.E56A.z -75.0341 46.5436 3.71113
TA.M51A.z -82.1831 41.3321 3.69201
TA.E60A.z -71.4469 46.3689 3.66302
TA.X51A.z -84.8574 34.5658 3.74896
TA.I49A.z -82.8246 43.94 3.74689
TA.H52A.z -79.8888 44.6422 3.79164
TA.Y52A.z -84.0626 33.864 3.7034
TA.J63A.z -71.0781 43.2792 3.7857
TA.R52A.z -82.6443 38.3366 3.6465
TA.G42A.z -88.4277 45.2418 3.94645
TA.Q54A.z -80.8338 38.9836 3.61293
TA.G54A.z -78.0898 45.3979 3.72043
TA.R48A.z -85.8714 38.4001 3.84834
TA.V60A.z -77.2629 35.765 3.765
TA.N52A.z -81.6876 40.8125 3.6563
TA.F46A.z -84.7586 45.7737 3.68881
TA.G60A.z -72.3337 45.0977 3.67729
TA.757A.z -82.0685 28.9413 3.69668
TA.V59A.z -78.2394 35.7649 3.77484
TA.D56A.z -74.7568 47.0485 3.72142
TA.655A.z -83.2552 29.5107 3.76544
TA.G47A.z -83.8551 45.173 3.70802
TA.E51A.z -79.4924 46.5333 3.74072
TA.P49A.z -84.7164 39.5342 3.74189
TA.X60A.z -77.9768 34.5773 3.82536
TA.353A.z -84.2172 31.3474 3.72033
TA.J42A.z -89.1234 43.3179 3.77614
TA.M42A.z -89.7581 41.4546 3.63139
TA.Y55A.z -81.8581 33.9375 3.75827
TA.959A.z -80.8791 27.524 3.75491
TA.H63A.z -70.0353 44.6616 3.6973
TA.M58A.z -76.4603 41.3721 3.71261
TA.I46A.z -85.4472 43.9411 3.72081
TA.V50A.z -85.1 35.6713 3.61631
TA.N55A.z -78.9862 40.7808 3.66971
TA.060A.z -80.3618 27.0361 3.75258
TA.E41A.z -88.9636 46.4643 3.91926
TA.155A.z -82.4665 32.6219 3.68557
TA.F60A.z -71.9514 45.9688 3.70577
TA.R46A.z -87.5114 38.2124 3.72512
TA.K49A.z -83.4556 42.7835 3.66361
TA.060Z.z -80.556 26.4062 3.78752
TA.Z59A.z -79.278 33.2414 3.78844
TA.K55A.z -78.0696 42.7278 3.66524
TA.J56A.z -76.8579 43.276 3.69628
TA.F59A.z -72.7833 45.8513 3.71216
TA.456A.z -82.0223 30.7248 3.82984
TA.T49A.z -85.5334 37.105 3.73169
TA.G45A.z -85.6571 45.0404 3.85011
TA.P52A.z -82.1325 39.6337 3.64811
TA.S53A.z -82.1264 37.6815 3.63227
TA.T57A.z -79.2538 36.9983 3.7381
TA.X46A.z -88.5844 34.5564 3.98248
TA.M56A.z -78.1826 41.4837 3.64073
TA.T47A.z -87.1055 36.9881 3.5869
TA.151A.z -85.3267 32.5269 3.89223
TA.M60A.z -74.625 41.3265 3.6625
TA.251A.z -85.409 32.0929 3.72839
TA.E46A.z -84.3062 46.3665 3.79063
TA.E62A.z -69.5227 46.6201 3.66769
TA.H45A.z -86.044 44.6232 3.83075
TA.I64A.z -69.6347 43.9197 3.74627
TA.K42A.z -89.3457 42.7792 3.86178
TA.W46A.z -88.3783 35.1333 4.21146
TA.O43A.z -89.313 40.2856 3.71742
TA.U59A.z -77.7925 36.3526 3.78041
TA.I59A.z -73.8744 43.7957 3.73029
TA.255A.z -82.4758 31.9263 3.75968
TA.S54A.z -81.3114 37.7997 3.62843
TA.U61A.z -76.4464 36.3319 3.76161
TA.W58A.z -79.2333 35.0208 3.77529
TA.N51A.z -82.3748 40.9183 3.69904
TA.F43A.z -87.1694 45.8313 4.21564
TA.N45A.z -87.5118 40.8479 3.65825
TA.D51A.z -79.3733 47.0904 3.82595
TA.E52A.z -78.6569 46.2851 3.76876
TA.L60A.z -74.2226 41.989 3.70058
TA.S48A.z -86.0569 37.6574 3.60177
TA.350A.z -86.3353 31.4207 4.14019
TA.K60A.z -73.8886 42.6168 3.663
TA.J47A.z -84.8214 43.2382 3.71391
TA.Y56A.z -81.3047 33.7922 3.74474
TA.X49A.z -86.326 34.5126 3.80809
TA.N58A.z -76.7158 40.8396 3.71026
TA.I45A.z -86.2348 44.0361 3.81263
TA.H48A.z -83.3249 44.7006 3.73698
TA.V57A.z -79.7758 35.8875 3.73018
TA.I51A.z -81.0231 43.8036 3.72849
TA.L57A.z -76.8492 42.0005 3.63526
TA.R56A.z -79.4031 38.4071 3.6555
TA.O53A.z -81.2129 40.2493 3.6404
TA.G46A.z -84.8621 45.3176 3.73946
TA.Q58A.z -77.682 38.9413 3.73198
TA.D58A.z -72.8826 47.0954 3.74243
TA.152A.z -84.7188 32.6686 3.70033
TA.Z50A.z -85.9226 33.254 3.72789
TA.G64A.z -68.7558 45.2527 3.71955
TA.F49A.z -82.0423 45.7627 3.73642
TA.556A.z -82.4057 30.0015 3.63921
TA.D60A.z -70.9237 46.9139 3.69852
TA.P59A.z -76.4327 39.6101 3.77315
TA.P45A.z -87.7439 39.5277 3.55518
TA.I42A.z -88.9134 43.8908 3.77564
TA.U55A.z -81.0472 36.5023 3.60952
TA.M63A.z -72.0464 41.4038 3.78686
TA.R58B.z -77.8787 37.9636 3.76142
TA.R58A.z -78.0034 38.2989 3.71317
TA.K51A.z -81.5082 42.7223 3.71214
TA.T59A.z -77.5541 36.9716 3.74121
TA.O50A.z -83.6199 40.1468 3.69649
TA.U50A.z -84.8431 36.4156 3.68654
TA.058A.z -81.8049 27.0569 3.872
TA.M48A.z -84.7171 41.4846 3.70625
TA.M52A.z -81.357 41.5405 3.63188
TA.X54A.z -82.3743 34.5474 3.7448
TA.E63A.z -68.422 46.422 3.73137
TA.M64A.z -71.2102 41.5509 3.81639
TA.H55A.z -77.183 44.5505 3.70949
TA.J60A.z -73.4212 43.2438 3.70387
TA.I60A.z -73.2916 43.844 3.70691
TA.W49A.z -86.2645 35.1194 3.70259
TA.Q45A.z -88.1565 38.8948 3.65617
TA.Q51A.z -83.3456 39.026 3.62984
TA.R51A.z -83.5834 38.3001 3.63114
TA.N63A.z -72.5206 40.9878 3.8739
TA.O47A.z -86.1742 40.2361 3.67551
TA.S46A.z -87.7153 37.6849 3.66204
TA.O57A.z -77.6354 40.2104 3.68029
TA.S50A.z -84.4003 37.679 3.8
TA.T52A.z -82.9852 37.1076 3.65757
TA.V61A.z -76.5776 35.7912 3.73873
TA.F57A.z -74.6928 45.8122 3.71348
TA.G63A.z -69.6186 45.1147 3.69963
TA.E64A.z -67.8285 46.4184 3.70601
TA.V58A.z -79.115 35.794 3.75362
TA.758A.z -81.1996 28.9621 4.08909
TA.D55A.z -75.4732 47.019 3.76782
TA.M45A.z -87.2504 41.3881 3.72774
TA.J43A.z -88.4185 43.3808 3.70225
TA.M59A.z -75.4321 41.5413 3.6981
TA.H60A.z -72.6986 44.5606 3.70047
TA.X59A.z -78.6023 34.572 3.72194
TA.I41A.z -89.8697 44.0592 3.54106
TA.I55A.z -77.6817 44.2161 3.74363
TA.F62A.z -69.9664 45.8968 3.67831
TA.N54A.z -79.9892 40.9617 3.62201
TA.156A.z -81.495 32.6542 3.71542
TA.Z54A.z -82.8417 33.2362 3.72568
TA.250A.z -86.2677 31.9778 3.7626
TA.O59A.z -76.1859 40.3114 3.661
TA.J55A.z -77.8167 43.2657 3.70364
TA.451A.z -85.7467 30.616 3.89524
TA.552A.z -85.2938 30.1327 3.7122
TA.O60A.z -75.405 40.3177 3.67264
TA.G53A.z -78.6237 45.1222 3.74021
TA.P55A.z -79.8265 39.5078 3.65017
TA.Q60A.z -75.8429 39.0016 3.7332
