TA.T56A.z -80.0311 37.0288 4.10206
TA.L42A.z -89.667 42.004 4.22128
TA.X57A.z -80.094 34.4643 4.19849
TA.M57A.z -77.128 41.3372 4.09265
TA.U51A.z -84.0165 36.3786 4.13722
TA.X47A.z -87.8571 34.5178 4.22428
TA.TIGA.z -83.5898 31.4389 4.17657
TA.F63A.z -69.1029 45.703 4.09038
TA.H46A.z -85.2034 44.5397 4.06858
TA.I63A.z -70.5809 44.0505 4.04387
TA.149A.z -86.7916 32.5983 4.09362
TA.Q52A.z -82.2669 38.9622 4.15267
TA.N60A.z -75.1 40.8704 4.17094
TA.O54A.z -80.3778 40.1821 4.18505
TA.S55A.z -80.5013 37.7724 4.01589
TA.U56A.z -80.3829 36.3472 4.14943
TA.W59A.z -78.443 35.1673 4.07842
TA.N46A.z -86.7352 40.8949 3.97204
TA.V53A.z -82.8124 35.6694 4.0192
TA.L65A.z -70.0528 42.0295 4.08403
TA.E57A.z -74.1471 46.4117 4.11177
TA.X50B.z -85.6499 34.4611 4.3012
TA.355A.z -82.8518 31.3438 4.13513
TA.L55A.z -78.4368 42.1831 4.12526
TA.I48A.z -83.7022 44.1873 4.05723
TA.V47A.z -87.5205 35.8278 4.06824
TA.L49A.z -83.7672 42.1088 4.14389
TA.P60A.z -75.6358 39.8113 4.13816
TA.I52A.z -80.177 44.068 4.19015
TA.Q55A.z -80.0812 38.9952 4.17585
TA.R55A.z -80.1195 38.2825 3.99927
TA.R49A.z -85.1714 38.2916 4.23898
TA.G55A.z -76.7187 45.2532 4.2129
TA.U46A.z -88.1773 36.359 4.05653
TA.Z53A.z -83.5713 33.2801 4.13185
TA.153A.z -83.8316 32.6499 4.17221
TA.R60A.z -76.5807 38.2684 4.08264
TA.D61A.z -70.1868 47.2022 4.11774
TA.557A.z -81.7291 30.016 4.17201
TA.P58A.z -77.3005 39.4891 4.11694
TA.H64A.z -69.2203 44.6412 4.14414
TA.U60A.z -77.1596 36.4718 4.15076
TA.K48A.z -84.1197 42.8032 4.13292
TA.254A.z -83.2905 31.9457 4.08391
TA.O49A.z -84.3353 40.188 4.25082
TA.R47A.z -86.527 38.2957 4.14773
TA.061Z.z -80.907 25.8657 3.97912
TA.K56A.z -77.3244 42.6981 4.18519
TA.Z58A.z -79.8129 33.3349 4.14173
TA.F58A.z -73.8145 45.8663 4.14682
TA.W52A.z -83.9277 35.0935 4.08461
TA.J59A.z -74.5041 43.4647 4.09479
TA.455A.z -83.026 30.7422 4.08477
TA.P51A.z -83.0601 39.4818 4.1156
TA.Q59A.z -76.6548 38.8644 4.13865
TA.E58A.z -73.2771 46.3721 4.15796
TA.X53A.z -83.3013 34.5031 4.05207
TA.M53A.z -80.675 41.4393 4.11804
TA.L50A.z -82.8095 42.043 4.11507
TA.G59A.z -73.1809 45.0807 4.03093
TA.T60A.z -76.7349 37.1397 4.13621
TA.S58A.z -78.0511 37.6126 4.14029
TA.L46A.z -86.2955 42.0127 4.16772
TA.J61A.z -72.5535 43.3462 3.95919
TA.N48A.z -85.0271 40.8591 4.16742
TA.Q56A.z -79.1871 39.041 4.09971
TA.R50A.z -84.3274 38.2816 4.21369
TA.S45A.z -88.5804 37.6774 4.2205
TA.D48A.z -81.8072 47.1743 4.15376
TA.S51A.z -83.5935 37.6392 4.16047
TA.T51A.z -83.9454 36.9655 4.10527
TA.Y48A.z -87.1696 33.9131 4.1401
TA.N50A.z -83.1486 40.7711 4.18623
TA.L61A.z -73.5543 42.1934 4.06529
TA.E53A.z -77.6638 46.3784 4.1742
TA.L61B.z -72.6802 42.4498 4.05987
TA.D50A.z -79.8412 47.1668 4.18068
TA.351A.z -85.6036 31.2753 4.07712
TA.L59A.z -75.0426 42.1902 4.14062
TA.D46A.z -84.0357 46.891 4.05504
TA.Y57A.z -80.3915 34.017 4.11935
TA.K63A.z -71.5283 42.6888 4.09316
TA.V56A.z -80.4963 35.8097 4.16588
TA.N43A.z -89.1735 40.9394 4.08697
TA.157A.z -80.9972 32.678 4.16431
TA.253A.z -84.1294 32.0612 3.9573
TA.Z57A.z -80.7039 33.297 4.08216
TA.J54A.z -78.6392 43.2728 4.22431
TA.062Z.z -81.0523 24.7266 3.93748
TA.553A.z -84.4317 30.189 4.20465
TA.450A.z -86.5863 30.8038 3.99778
TA.L48A.z -84.4329 41.9438 4.05338
TA.P54A.z -80.4796 39.602 4.19027
TA.Z49A.z -86.5311 33.1942 4.00508
TA.U52A.z -83.3671 36.3929 4.17445
TA.T45A.z -88.6447 37.0196 4.2748
TA.V49A.z -85.903 35.7663 4.15213
TA.M62A.z -72.8939 41.4423 4.12634
TA.E44A.z -85.9214 46.6199 4.1732
TA.T58A.z -78.5338 36.9454 4.13871
TA.O51A.z -82.6056 40.147 4.11282
TA.K52A.z -80.7139 42.7805 4.1622
TA.W56A.z -80.5828 35.135 4.12338
TA.V52A.z -83.5959 35.8417 4.28238
TA.Q49A.z -84.8956 39.005 4.22383
TA.N47A.z -85.6942 40.8801 4.09408
TA.L62A.z -72.6617 42.0328 4.11068
TA.E54A.z -77.1869 46.4339 4.16875
TA.D53A.z -77.7001 47.0795 4.1526
TA.L54A.z -79.3162 42.2345 4.11968
TA.356A.z -82.1275 31.3247 4.07841
TA.Y50A.z -85.7347 33.8911 4.13222
TA.P61A.z -74.7919 39.6734 4.08622
TA.I53A.z -79.5912 43.8238 4.28418
TA.R54A.z -80.9904 38.1809 4.09278
TA.Y53A.z -83.5836 33.8554 4.1307
TA.W61A.z -76.9909 35.1773 4.04663
TA.457A.z -81.5563 30.6199 4.09711
TA.V62A.z -75.957 35.5612 4.09135
TA.D62A.z -69.0501 47.0819 4.09937
TA.657A.z -81.8665 29.5852 4.1006
TA.G62A.z -70.5319 45.2186 4.13155
TA.F44A.z -86.4226 45.9737 4.34968
TA.D54A.z -76.657 47.152 4.12639
TA.W50A.z -85.3119 35.2002 4.07049
TA.M44A.z -88.0432 41.3882 3.88339
TA.X58A.z -79.3388 34.5548 4.09755
TA.H61A.z -71.9271 44.5339 4.04545
TA.N57A.z -77.5509 40.7556 4.07181
TA.H59A.z -73.6905 44.6455 4.06962
TA.E43A.z -86.9954 46.3758 4.29749
TA.R44A.z -89.0809 38.2475 4.47461
TA.O48A.z -85.1553 40.2571 4.21859
TA.K47A.z -84.9993 42.6704 4.24227
TA.257A.z -81.0261 31.9746 4.12382
TA.K57A.z -76.5163 42.7313 4.11085
TA.454A.z -83.6302 30.7145 4.15484
TA.W53A.z -83.163 35.1696 3.98198
TA.J58A.z -75.2852 43.3603 4.13131
TA.658A.z -81.2578 29.422 4.11729
TA.P50A.z -83.7988 39.6086 4.14656
TA.M54A.z -79.6647 41.5079 4.12619
TA.L53A.z -80.2598 41.9539 4.07767
TA.X56A.z -81.0319 34.4923 4.08385
TA.M66A.z -70.1353 41.259 4.06688
TA.Y59A.z -78.8737 33.9897 4.14912
TA.T55A.z -80.7843 37.117 4.06883
TA.I58A.z -74.9733 43.6901 4.10074
TA.H57A.z -75.3905 44.4624 4.15635
TA.L58A.z -75.8502 42.0447 4.16379
TA.I62A.z -71.3359 43.8743 4.0483
TA.H47A.z -84.2062 44.5994 4.09981
TA.E48A.z -82.1653 46.4809 4.16589
TA.148A.z -87.571 32.6469 4.34343
TA.Q53A.z -81.5251 38.8586 4.1911
TA.S61A.z -75.6727 37.6804 4.11947
TA.N61A.z -74.2969 40.7519 4.11419
TA.O55A.z -79.3041 40.2076 4.07489
TA.S56A.z -79.5662 37.6771 4.04555
TA.U57A.z -79.3364 36.4319 4.24414
TA.F55A.z -76.351 45.8338 4.19842
TA.F41A.z -89.1046 45.7387 4.28102
TA.G61A.z -71.5273 45.2827 4.1457
TA.N53A.z -80.8377 40.8065 4.1675
TA.D57A.z -73.8878 47.0172 4.08239
TA.D47A.z -83.1038 47.0558 4.13643
TA.P48A.z -85.4258 39.4605 4.26529
TA.M43A.z -88.9581 41.4365 3.9105
TA.E50A.z -80.7378 46.4232 4.12902
TA.K62A.z -72.2345 42.6651 4.10575
TA.958A.z -81.7543 27.5855 3.84936
TA.J45A.z -86.3889 43.4354 4.10046
TA.857A.z -82.2291 28.267 4.17033
TA.352A.z -84.9274 31.4793 4.11879
TA.I47A.z -84.5096 44.0193 4.06336
TA.H62A.z -71.1559 44.5743 4.10611
TA.Y54A.z -82.688 33.8621 4.12219
TA.I57A.z -75.6599 43.9377 4.13321
TA.V51A.z -84.3511 35.8033 4.07943
TA.KMSC.z -81.3333 35.142 4.07745
TA.150A.z -86.022 32.6067 4.16321
TA.K58A.z -75.6473 42.7633 4.14227
TA.Z52A.z -84.4176 33.1893 4.13976
TA.U49A.z -85.7796 36.5129 4.08428
TA.859A.z -80.8984 28.0592 4.06946
TA.F52A.z -79.3227 45.7951 4.10704
TA.R61A.z -75.339 38.3303 4.0472
TA.F48A.z -82.6185 45.8278 4.14377
TA.453A.z -84.3197 30.8541 4.18009
TA.P57A.z -78.0126 39.4835 4.1262
TA.H65A.z -68.2469 44.6961 4.05812
TA.U53A.z -82.5765 36.3644 4.15411
TA.M61A.z -73.7673 41.3104 4.13331
TA.W48A.z -86.9333 35.1386 4.25366
TA.S52A.z -83.0784 37.6791 4.17166
TA.T46A.z -87.8941 37.0417 4.01274
TA.E47A.z -83.2777 46.4547 4.19032
TA.W47A.z -87.5946 35.2511 4.19618
TA.O52A.z -81.8361 40.1158 4.15587
TA.W57A.z -79.9928 35.1529 4.16581
TA.U58A.z -78.5493 36.3944 4.10125
TA.E59A.z -72.5108 46.4803 4.17276
TA.Y49A.z -86.4119 33.8577 4.09922
TA.X52A.z -83.8938 34.6032 3.99659
TA.E61A.z -70.489 46.4312 4.09454
TA.E63A.z -68.422 46.422 4.09632
TA.L47A.z -85.2021 41.9756 4.13195
TA.S59A.z -77.2942 37.762 4.03534
TA.M50A.z -83.0428 41.4035 4.10015
TA.H53A.z -78.5832 44.5736 4.25176
TA.J62A.z -71.8127 43.2262 4.09819
TA.Y58A.z -79.6665 33.9057 4.14289
TA.Q57A.z -78.4107 39.0353 4.0408
TA.R53A.z -81.9522 38.3307 4.20609
TA.N49A.z -84.1825 40.922 4.11952
TA.D49A.z -81.3562 47.2726 4.03369
TA.S44A.z -89.2551 37.6936 4.4479
TA.O45A.z -87.7244 40.2489 4.38423
TA.957A.z -82.2357 27.6702 4.1012
TA.Z51A.z -85.1747 33.3167 4.11763
TA.F51A.z -79.915 45.9284 4.06169
TA.F45A.z -85.5156 45.6837 4.17176
TA.G65A.z -67.5632 45.2002 4.02239
TA.D63A.z -68.1066 47.037 4.08372
TA.SFIN.z -87.0967 40.379 4.29349
TA.656A.z -82.5348 29.3689 4.02037
TA.554A.z -83.6836 30.0841 4.1508
TA.P44A.z -88.6209 39.4676 4.44688
TA.M47A.z -85.6214 41.3594 4.13482
TA.H66A.z -67.3115 44.7859 4.02212
TA.H58A.z -74.1798 44.4176 4.05842
TA.I43A.z -88.146 43.8844 4.2938
TA.V48A.z -86.8219 35.74 4.0706
TA.Z56A.z -81.3687 33.3253 4.10545
TA.252A.z -84.7357 31.9962 4.18786
TA.154A.z -83.1066 32.6131 4.15211
TA.K54A.z -78.6908 42.6097 4.14507
TA.J49A.z -83.1389 43.36 4.02406
TA.T48A.z -86.3943 37.1094 3.95184
TA.J57A.z -75.9968 43.4099 4.16734
TA.P53A.z -81.3896 39.4868 4.15449
TA.P43A.z -89.5213 39.6409 4.42075
TA.349A.z -87.1924 31.3504 4.1311
TA.G57A.z -74.9855 45.1036 4.12148
TA.X55A.z -81.6336 34.4701 4.10078
TA.M49A.z -83.9752 41.4745 4.23082
TA.059A.z -81.144 26.9671 4.13033
TA.T54A.z -81.5762 37.0608 4.09074
TA.M55A.z -78.7649 41.4686 4.12566
TA.Y60A.z -78.2163 34.0046 4.10246
TA.249A.z -87.1225 31.9752 4.1376
TA.H56A.z -76.2594 44.593 4.1397
TA.M65A.z -70.6466 41.562 4.11684
TA.059Z.z -81.4432 26.3373 4.14069
TA.Q50A.z -83.979 38.8436 4.1846
TA.I61A.z -72.2087 43.9323 4.05471
TA.S47A.z -86.8779 37.5946 4.05546
TA.N62A.z -73.4677 40.9313 4.13323
TA.J48A.z -83.7849 43.2986 4.08912
TA.U54A.z -81.8204 36.5209 4.18419
TA.S57A.z -78.9536 37.7605 4.09462
TA.T53A.z -82.535 36.9823 4.18937
TA.O56A.z -78.5663 40.2683 4.15042
TA.Q48A.z -85.7311 38.9295 4.18205
TA.N56A.z -78.2953 40.9171 4.09098
TA.449A.z -87.2151 30.7596 3.82733
TA.L63A.z -71.6095 41.8631 4.14135
TA.D52A.z -78.4117 46.9764 4.15645
TA.N44A.z -88.1333 40.7953 4.10592
TA.E55A.z -76.0572 46.4538 4.20898
TA.K61A.z -73.2676 42.6695 4.02933
TA.357A.z -81.4855 31.4239 4.18863
TA.J46A.z -85.6466 43.3478 4.11006
TA.S49A.z -85.2875 37.7849 4.1611
TA.X48A.z -87.0452 34.4517 4.16302
TA.Y51A.z -85.064 33.8993 4.03869
TA.T49A.z -85.5334 37.105 4.09356
TA.N59A.z -75.7703 40.9168 4.18515
TA.F61A.z -70.9921 45.9743 4.17865
TA.D59A.z -71.8358 47.0073 4.09635
TA.V54A.z -81.9478 35.7771 4.14236
TA.Q43A.z -89.6991 38.941 4.36194
TA.V46A.z -88.1177 35.8007 4.1874
TA.W60A.z -77.7133 35.0528 4.04023
TA.R57A.z -78.5232 38.297 4.06664
TA.858A.z -81.3616 28.2126 3.84819
TA.Z55A.z -82.1359 33.2211 3.99491
TA.K59A.z -74.8525 42.775 4.08886
TA.151A.z -85.3267 32.5269 4.24797
TA.F64A.z -68.3496 45.8633 4.17949
TA.U48A.z -86.5402 36.5107 4.07544
TA.O58A.z -76.9228 40.1231 4.10599
TA.T50A.z -84.8384 37.0204 4.14125
TA.J52A.z -80.4764 43.2407 4.19584
TA.452A.z -85.183 30.8492 4.25996
TA.F49A.z -82.0423 45.7627 4.17455
TA.O61A.z -74.553 40.0934 4.07601
TA.P56A.z -78.8386 39.5044 4.0775
TA.V55A.z -81.2149 35.8518 4.09956
TA.E42A.z -87.914 46.4301 4.04898
TA.R59A.z -77.1164 38.2005 4.05554
TA.256A.z -81.8878 31.9799 4.13373
TA.158A.z -80.1935 32.7364 4.1353
TA.K46A.z -85.7834 42.6864 4.23167
TA.K50A.z -82.6231 42.7749 4.13548
TA.W54A.z -82.1859 35.0857 4.08844
TA.S60A.z -76.6535 37.7055 4.10387
TA.L64A.z -70.8391 41.9359 4.10995
TA.L56A.z -77.5591 42.1365 4.13614
TA.E56A.z -75.0341 46.5436 4.24282
TA.M51A.z -82.1831 41.3321 4.17564
TA.E60A.z -71.4469 46.3689 4.18711
TA.X51A.z -84.8574 34.5658 4.07443
TA.I49A.z -82.8246 43.94 4.05929
TA.H52A.z -79.8888 44.6422 4.18667
TA.Y52A.z -84.0626 33.864 4.10404
TA.J63A.z -71.0781 43.2792 4.05075
TA.R52A.z -82.6443 38.3366 4.10973
TA.Q54A.z -80.8338 38.9836 4.19541
TA.G54A.z -78.0898 45.3979 4.25106
TA.R48A.z -85.8714 38.4001 4.26687
TA.V60A.z -77.2629 35.765 4.11144
TA.N52A.z -81.6876 40.8125 4.17178
TA.G60A.z -72.3337 45.0977 4.0617
TA.757A.z -82.0685 28.9413 4.17399
TA.V59A.z -78.2394 35.7649 4.11687
TA.D56A.z -74.7568 47.0485 4.10753
TA.655A.z -83.2552 29.5107 4.29058
TA.G47A.z -83.8551 45.173 4.15228
TA.E51A.z -79.4924 46.5333 4.1517
TA.P49A.z -84.7164 39.5342 4.18931
TA.X60A.z -77.9768 34.5773 4.05582
TA.353A.z -84.2172 31.3474 4.22485
TA.J42A.z -89.1234 43.3179 4.25621
TA.M42A.z -89.7581 41.4546 4.15923
TA.Y55A.z -81.8581 33.9375 4.0893
TA.959A.z -80.8791 27.524 4.06749
TA.H63A.z -70.0353 44.6616 4.10924
TA.M58A.z -76.4603 41.3721 4.03591
TA.I46A.z -85.4472 43.9411 4.13504
TA.V50A.z -85.1 35.6713 4.08884
TA.N55A.z -78.9862 40.7808 4.13145
TA.060A.z -80.3618 27.0361 4.05043
TA.E41A.z -88.9636 46.4643 4.07388
TA.155A.z -82.4665 32.6219 4.09396
TA.F60A.z -71.9514 45.9688 4.14804
TA.R46A.z -87.5114 38.2124 4.49537
TA.K49A.z -83.4556 42.7835 4.13233
TA.060Z.z -80.556 26.4062 4.10023
TA.Z59A.z -79.278 33.2414 4.16955
TA.K55A.z -78.0696 42.7278 4.14572
TA.J56A.z -76.8579 43.276 4.13373
TA.F59A.z -72.7833 45.8513 4.08808
TA.456A.z -82.0223 30.7248 4.07152
TA.W51A.z -84.7599 35.1606 4.15149
TA.G45A.z -85.6571 45.0404 4.16125
TA.P52A.z -82.1325 39.6337 4.13514
TA.S53A.z -82.1264 37.6815 4.16267
TA.T57A.z -79.2538 36.9983 4.18992
TA.X46A.z -88.5844 34.5564 4.00356
TA.M56A.z -78.1826 41.4837 4.09402
TA.T47A.z -87.1055 36.9881 3.92975
TA.M60A.z -74.625 41.3265 4.14421
TA.251A.z -85.409 32.0929 4.18963
TA.E46A.z -84.3062 46.3665 4.19725
TA.E62A.z -69.5227 46.6201 4.15254
TA.H45A.z -86.044 44.6232 4.11977
TA.I64A.z -69.6347 43.9197 4.06261
TA.K42A.z -89.3457 42.7792 4.48837
TA.W46A.z -88.3783 35.1333 4.00604
TA.O43A.z -89.313 40.2856 4.39026
TA.U59A.z -77.7925 36.3526 4.13289
TA.I59A.z -73.8744 43.7957 3.98888
TA.255A.z -82.4758 31.9263 4.12148
TA.S54A.z -81.3114 37.7997 4.14165
TA.U61A.z -76.4464 36.3319 4.13015
TA.W58A.z -79.2333 35.0208 4.1479
TA.N51A.z -82.3748 40.9183 4.076
TA.N45A.z -87.5118 40.8479 3.80193
TA.D51A.z -79.3733 47.0904 4.20617
TA.E52A.z -78.6569 46.2851 4.1489
TA.L60A.z -74.2226 41.989 4.0974
TA.S48A.z -86.0569 37.6574 4.01303
TA.350A.z -86.3353 31.4207 4.18267
TA.K60A.z -73.8886 42.6168 4.05832
TA.J47A.z -84.8214 43.2382 4.14482
TA.Y56A.z -81.3047 33.7922 4.14117
TA.X49A.z -86.326 34.5126 3.99393
TA.N58A.z -76.7158 40.8396 4.06596
TA.I45A.z -86.2348 44.0361 4.06755
TA.H48A.z -83.3249 44.7006 4.04714
TA.V57A.z -79.7758 35.8875 4.21423
TA.I51A.z -81.0231 43.8036 4.07342
TA.L57A.z -76.8492 42.0005 4.13799
TA.R56A.z -79.4031 38.4071 3.99505
TA.O53A.z -81.2129 40.2493 4.18231
TA.G46A.z -84.8621 45.3176 4.14246
TA.Q58A.z -77.682 38.9413 4.10893
TA.D58A.z -72.8826 47.0954 4.17795
TA.152A.z -84.7188 32.6686 4.20108
TA.Z50A.z -85.9226 33.254 3.93348
TA.U47A.z -87.2892 36.4413 4.07336
TA.G64A.z -68.7558 45.2527 4.16136
TA.555A.z -82.9666 30.1212 4.05648
TA.556A.z -82.4057 30.0015 4.15096
TA.D60A.z -70.9237 46.9139 4.10192
TA.P59A.z -76.4327 39.6101 4.15224
TA.M46A.z -86.3524 41.4079 4.07917
TA.I42A.z -88.9134 43.8908 4.19622
TA.U55A.z -81.0472 36.5023 4.15412
TA.M63A.z -72.0464 41.4038 4.10512
TA.E45A.z -85.1774 46.3563 4.05936
TA.R58B.z -77.8787 37.9636 4.15007
TA.R58A.z -78.0034 38.2989 4.16811
TA.K51A.z -81.5082 42.7223 4.10342
TA.T59A.z -77.5541 36.9716 4.06997
TA.O50A.z -83.6199 40.1468 4.22326
TA.U50A.z -84.8431 36.4156 4.09819
TA.058A.z -81.8049 27.0569 4.08732
TA.M48A.z -84.7171 41.4846 4.17382
TA.M52A.z -81.357 41.5405 4.10318
TA.X54A.z -82.3743 34.5474 4.09815
TA.G58A.z -74.054 45.1492 4.19418
TA.M64A.z -71.2102 41.5509 4.10843
TA.H55A.z -77.183 44.5505 4.2213
TA.J60A.z -73.4212 43.2438 4.0971
TA.I60A.z -73.2916 43.844 4.07109
TA.W49A.z -86.2645 35.1194 4.10905
TA.Q51A.z -83.3456 39.026 4.17214
TA.R51A.z -83.5834 38.3001 4.2103
TA.N63A.z -72.5206 40.9878 4.1504
TA.O47A.z -86.1742 40.2361 4.45052
TA.S46A.z -87.7153 37.6849 4.04911
TA.O57A.z -77.6354 40.2104 4.17013
TA.S50A.z -84.4003 37.679 4.01014
TA.Q61A.z -75.3256 38.8799 4.03048
TA.T52A.z -82.9852 37.1076 4.05568
TA.V61A.z -76.5776 35.7912 4.11667
TA.F57A.z -74.6928 45.8122 4.15069
TA.G63A.z -69.6186 45.1147 4.12846
TA.E64A.z -67.8285 46.4184 3.99354
TA.V58A.z -79.115 35.794 4.15882
TA.758A.z -81.1996 28.9621 3.95225
TA.D55A.z -75.4732 47.019 4.09135
TA.M45A.z -87.2504 41.3881 4.06702
TA.J43A.z -88.4185 43.3808 4.1659
TA.M59A.z -75.4321 41.5413 4.12665
TA.H60A.z -72.6986 44.5606 4.07968
TA.X59A.z -78.6023 34.572 4.11204
TA.I41A.z -89.8697 44.0592 4.27246
TA.I55A.z -77.6817 44.2161 4.21915
TA.F62A.z -69.9664 45.8968 4.05837
TA.N54A.z -79.9892 40.9617 4.1268
TA.156A.z -81.495 32.6542 4.16054
TA.Z54A.z -82.8417 33.2362 4.17432
TA.250A.z -86.2677 31.9778 4.12377
TA.O59A.z -76.1859 40.3114 4.13187
TA.J55A.z -77.8167 43.2657 4.17243
TA.451A.z -85.7467 30.616 4.06354
TA.552A.z -85.2938 30.1327 4.07501
TA.O60A.z -75.405 40.3177 4.20998
TA.G53A.z -78.6237 45.1222 4.19464
TA.P55A.z -79.8265 39.5078 4.14275
TA.Q60A.z -75.8429 39.0016 4.06954
