TA.T56A.z -80.0311 37.0288 4.09594
TA.Y58A.z -79.6665 33.9057 4.10976
TA.X57A.z -80.094 34.4643 4.08519
TA.M57A.z -77.128 41.3372 4.03982
TA.U51A.z -84.0165 36.3786 4.04469
TA.X47A.z -87.8571 34.5178 4.34923
TA.TIGA.z -83.5898 31.4389 4.09444
TA.F63A.z -69.1029 45.703 4.02204
TA.H46A.z -85.2034 44.5397 4.00446
TA.I63A.z -70.5809 44.0505 4.07967
TA.149A.z -86.7916 32.5983 4.0544
TA.Q52A.z -82.2669 38.9622 4.04426
TA.N60A.z -75.1 40.8704 3.99216
TA.O54A.z -80.3778 40.1821 4.03092
TA.S55A.z -80.5013 37.7724 4.05946
TA.U56A.z -80.3829 36.3472 4.10099
TA.W59A.z -78.443 35.1673 4.09583
TA.N46A.z -86.7352 40.8949 4.00805
TA.V53A.z -82.8124 35.6694 4.09451
TA.L65A.z -70.0528 42.0295 3.95506
TA.E57A.z -74.1471 46.4117 4.08927
TA.X50B.z -85.6499 34.4611 4.02677
TA.355A.z -82.8518 31.3438 3.92894
TA.L55A.z -78.4368 42.1831 4.1298
TA.I48A.z -83.7022 44.1873 3.95147
TA.V47A.z -87.5205 35.8278 4.28453
TA.L49A.z -83.7672 42.1088 4.1822
TA.P60A.z -75.6358 39.8113 4.05688
TA.I52A.z -80.177 44.068 3.98414
TA.Q55A.z -80.0812 38.9952 4.033
TA.R55A.z -80.1195 38.2825 4.02411
TA.G41A.z -89.1816 45.2118 3.76564
TA.R49A.z -85.1714 38.2916 4.14742
TA.G55A.z -76.7187 45.2532 4.12049
TA.U46A.z -88.1773 36.359 4.09457
TA.Z53A.z -83.5713 33.2801 4.1445
TA.153A.z -83.8316 32.6499 4.10086
TA.R60A.z -76.5807 38.2684 4.06763
TA.D61A.z -70.1868 47.2022 4.04085
TA.557A.z -81.7291 30.016 4.11401
TA.P58A.z -77.3005 39.4891 4.12204
TA.P46A.z -87.2067 39.6178 3.88457
TA.H64A.z -69.2203 44.6412 3.98242
TA.U60A.z -77.1596 36.4718 4.08671
TA.Y59A.z -78.8737 33.9897 4.11843
TA.K48A.z -84.1197 42.8032 4.07897
TA.F61A.z -70.9921 45.9743 4.10348
TA.O49A.z -84.3353 40.188 4.10532
TA.R47A.z -86.527 38.2957 4.21669
TA.061Z.z -80.907 25.8657 4.08026
TA.K56A.z -77.3244 42.6981 4.03725
TA.Z58A.z -79.8129 33.3349 3.94418
TA.F58A.z -73.8145 45.8663 4.02421
TA.W52A.z -83.9277 35.0935 4.11021
TA.J59A.z -74.5041 43.4647 4.00448
TA.455A.z -83.026 30.7422 3.94778
TA.P51A.z -83.0601 39.4818 4.0213
TA.Q59A.z -76.6548 38.8644 4.02307
TA.E58A.z -73.2771 46.3721 4.05851
TA.X53A.z -83.3013 34.5031 4.09126
TA.M53A.z -80.675 41.4393 4.0964
TA.L50A.z -82.8095 42.043 4.03087
TA.G59A.z -73.1809 45.0807 4.01573
TA.T60A.z -76.7349 37.1397 4.12377
TA.S58A.z -78.0511 37.6126 4.05223
TA.L46A.z -86.2955 42.0127 4.09779
TA.J61A.z -72.5535 43.3462 4.01648
TA.N48A.z -85.0271 40.8591 4.03247
TA.H42A.z -88.5311 44.5091 4.13319
TA.Q56A.z -79.1871 39.041 4.01517
TA.R50A.z -84.3274 38.2816 4.16001
TA.S45A.z -88.5804 37.6774 3.57595
TA.D48A.z -81.8072 47.1743 4.12278
TA.S51A.z -83.5935 37.6392 4.11573
TA.W49A.z -86.2645 35.1194 4.07423
TA.Y48A.z -87.1696 33.9131 4.19806
TA.N50A.z -83.1486 40.7711 4.10984
TA.L61A.z -73.5543 42.1934 3.95254
TA.E53A.z -77.6638 46.3784 4.14829
TA.L61B.z -72.6802 42.4498 4.03154
TA.D50A.z -79.8412 47.1668 4.03514
TA.351A.z -85.6036 31.2753 4.39593
TA.L59A.z -75.0426 42.1902 4.01841
TA.D46A.z -84.0357 46.891 4.04753
TA.Y57A.z -80.3915 34.017 4.11187
TA.K63A.z -71.5283 42.6888 4.02075
TA.V56A.z -80.4963 35.8097 4.03653
TA.N43A.z -89.1735 40.9394 4.25579
TA.157A.z -80.9972 32.678 4.08398
TA.253A.z -84.1294 32.0612 4.0228
TA.Z57A.z -80.7039 33.297 4.05085
TA.J54A.z -78.6392 43.2728 4.10152
TA.062Z.z -81.0523 24.7266 3.99478
TA.553A.z -84.4317 30.189 4.04166
TA.450A.z -86.5863 30.8038 3.93045
TA.L48A.z -84.4329 41.9438 4.06949
TA.P54A.z -80.4796 39.602 4.07121
TA.Z49A.z -86.5311 33.1942 3.86376
TA.U52A.z -83.3671 36.3929 4.03884
TA.T45A.z -88.6447 37.0196 3.52839
TA.V49A.z -85.903 35.7663 4.03426
TA.M62A.z -72.8939 41.4423 4.06429
TA.E44A.z -85.9214 46.6199 4.1711
TA.T58A.z -78.5338 36.9454 3.96577
TA.O51A.z -82.6056 40.147 4.08292
TA.K52A.z -80.7139 42.7805 4.08645
TA.W56A.z -80.5828 35.135 3.9957
TA.V52A.z -83.5959 35.8417 4.09547
TA.Q49A.z -84.8956 39.005 4.09004
TA.N47A.z -85.6942 40.8801 4.00497
TA.L62A.z -72.6617 42.0328 4.00849
TA.E54A.z -77.1869 46.4339 4.17013
TA.D53A.z -77.7001 47.0795 4.10203
TA.L54A.z -79.3162 42.2345 4.1155
TA.356A.z -82.1275 31.3247 3.91294
TA.Y50A.z -85.7347 33.8911 4.03374
TA.P61A.z -74.7919 39.6734 4.09886
TA.I53A.z -79.5912 43.8238 4.07453
TA.R54A.z -80.9904 38.1809 4.01832
TA.V55A.z -81.2149 35.8518 4.08679
TA.W61A.z -76.9909 35.1773 4.14149
TA.457A.z -81.5563 30.6199 3.9592
TA.V62A.z -75.957 35.5612 4.05565
TA.D62A.z -69.0501 47.0819 4.14433
TA.657A.z -81.8665 29.5852 3.99411
TA.G62A.z -70.5319 45.2186 4.04687
TA.F44A.z -86.4226 45.9737 4.31567
TA.D54A.z -76.657 47.152 4.0938
TA.W50A.z -85.3119 35.2002 4.08149
TA.M44A.z -88.0432 41.3882 3.71968
TA.X58A.z -79.3388 34.5548 4.07123
TA.H61A.z -71.9271 44.5339 4.05805
TA.N57A.z -77.5509 40.7556 4.11959
TA.H59A.z -73.6905 44.6455 4.01723
TA.E43A.z -86.9954 46.3758 4.25222
TA.R44A.z -89.0809 38.2475 3.71891
TA.O48A.z -85.1553 40.2571 4.07543
TA.K47A.z -84.9993 42.6704 4.08046
TA.257A.z -81.0261 31.9746 4.10738
TA.K57A.z -76.5163 42.7313 4.07425
TA.454A.z -83.6302 30.7145 3.96141
TA.W53A.z -83.163 35.1696 4.15063
TA.J58A.z -75.2852 43.3603 3.99613
TA.658A.z -81.2578 29.422 4.07289
TA.P50A.z -83.7988 39.6086 4.1107
TA.M54A.z -79.6647 41.5079 4.0506
TA.L53A.z -80.2598 41.9539 4.05627
TA.X56A.z -81.0319 34.4923 4.02203
TA.M66A.z -70.1353 41.259 4.23988
TA.L43A.z -88.7423 42.1833 4.33591
TA.T55A.z -80.7843 37.117 4.10169
TA.I58A.z -74.9733 43.6901 4.03135
TA.H57A.z -75.3905 44.4624 4.04196
TA.L58A.z -75.8502 42.0447 4.0679
TA.I62A.z -71.3359 43.8743 4.03497
TA.H47A.z -84.2062 44.5994 4.0429
TA.E48A.z -82.1653 46.4809 4.15029
TA.148A.z -87.571 32.6469 4.08117
TA.Q53A.z -81.5251 38.8586 4.09106
TA.V59A.z -78.2394 35.7649 4.11275
TA.N61A.z -74.2969 40.7519 3.94703
TA.O55A.z -79.3041 40.2076 4.06304
TA.S56A.z -79.5662 37.6771 4.0712
TA.U57A.z -79.3364 36.4319 4.02862
TA.F55A.z -76.351 45.8338 4.15342
TA.G61A.z -71.5273 45.2827 4.08606
TA.N53A.z -80.8377 40.8065 4.04991
TA.D57A.z -73.8878 47.0172 4.06749
TA.D47A.z -83.1038 47.0558 4.09065
TA.P48A.z -85.4258 39.4605 4.08193
TA.M43A.z -88.9581 41.4365 4.23148
TA.E50A.z -80.7378 46.4232 4.07816
TA.K62A.z -72.2345 42.6651 4.03896
TA.958A.z -81.7543 27.5855 3.99492
TA.J45A.z -86.3889 43.4354 4.09297
TA.857A.z -82.2291 28.267 4.0824
TA.352A.z -84.9274 31.4793 4.0072
TA.I47A.z -84.5096 44.0193 4.00608
TA.H62A.z -71.1559 44.5743 4.03673
TA.Y54A.z -82.688 33.8621 4.0422
TA.I57A.z -75.6599 43.9377 4.03147
TA.V51A.z -84.3511 35.8033 4.08211
TA.KMSC.z -81.3333 35.142 4.04585
TA.150A.z -86.022 32.6067 4.13721
TA.K58A.z -75.6473 42.7633 4.06098
TA.Z52A.z -84.4176 33.1893 4.04855
TA.U49A.z -85.7796 36.5129 4.14602
TA.859A.z -80.8984 28.0592 4.08202
TA.F52A.z -79.3227 45.7951 4.11942
TA.R61A.z -75.339 38.3303 4.00899
TA.554A.z -83.6836 30.0841 3.94473
TA.453A.z -84.3197 30.8541 4.09911
TA.P57A.z -78.0126 39.4835 4.04423
TA.P47A.z -86.2699 39.4869 3.74763
TA.H65A.z -68.2469 44.6961 4.04598
TA.U53A.z -82.5765 36.3644 4.0492
TA.M61A.z -73.7673 41.3104 4.0588
TA.T50A.z -84.8384 37.0204 4.14418
TA.S52A.z -83.0784 37.6791 4.07377
TA.T46A.z -87.8941 37.0417 3.95066
TA.E47A.z -83.2777 46.4547 4.12699
TA.K43A.z -88.332 42.7044 4.31373
TA.059Z.z -81.4432 26.3373 4.03074
TA.O52A.z -81.8361 40.1158 4.09185
TA.W57A.z -79.9928 35.1529 4.05367
TA.U58A.z -78.5493 36.3944 4.02838
TA.E59A.z -72.5108 46.4803 4.04952
TA.Y49A.z -86.4119 33.8577 3.90402
TA.X52A.z -83.8938 34.6032 4.13124
TA.E61A.z -70.489 46.4312 4.0362
TA.G58A.z -74.054 45.1492 4.05497
TA.L47A.z -85.2021 41.9756 4.13738
TA.S59A.z -77.2942 37.762 4.05397
TA.M50A.z -83.0428 41.4035 4.12341
TA.H53A.z -78.5832 44.5736 4.07674
TA.J62A.z -71.8127 43.2262 4.08499
TA.H43A.z -87.7704 44.4697 4.30202
TA.Q47A.z -86.4261 38.9362 3.93256
TA.Q57A.z -78.4107 39.0353 4.007
TA.R53A.z -81.9522 38.3307 4.08106
TA.N49A.z -84.1825 40.922 4.0549
TA.G43A.z -87.6861 45.2572 4.06833
TA.D49A.z -81.3562 47.2726 4.11193
TA.S44A.z -89.2551 37.6936 3.55255
TA.957A.z -82.2357 27.6702 4.08666
TA.Z51A.z -85.1747 33.3167 4.03931
TA.F51A.z -79.915 45.9284 4.05855
TA.F45A.z -85.5156 45.6837 4.10045
TA.G65A.z -67.5632 45.2002 4.04747
TA.D63A.z -68.1066 47.037 4.04031
TA.SFIN.z -87.0967 40.379 4.47373
TA.656A.z -82.5348 29.3689 4.08253
TA.F48A.z -82.6185 45.8278 4.11403
TA.P44A.z -88.6209 39.4676 3.57373
TA.M47A.z -85.6214 41.3594 4.07062
TA.H66A.z -67.3115 44.7859 4.04053
TA.H58A.z -74.1798 44.4176 3.99266
TA.V48A.z -86.8219 35.74 4.05553
TA.Z56A.z -81.3687 33.3253 4.0387
TA.252A.z -84.7357 31.9962 3.97671
TA.154A.z -83.1066 32.6131 4.13753
TA.K54A.z -78.6908 42.6097 4.02655
TA.J49A.z -83.1389 43.36 4.02011
TA.T48A.z -86.3943 37.1094 4.23656
TA.J57A.z -75.9968 43.4099 4.06215
TA.P53A.z -81.3896 39.4868 4.06147
TA.349A.z -87.1924 31.3504 3.865
TA.G57A.z -74.9855 45.1036 4.07236
TA.X55A.z -81.6336 34.4701 4.0964
TA.M49A.z -83.9752 41.4745 4.09137
TA.059A.z -81.144 26.9671 3.98801
TA.T54A.z -81.5762 37.0608 4.06756
TA.L44A.z -87.9119 42.1782 4.28319
TA.M55A.z -78.7649 41.4686 4.08741
TA.Y60A.z -78.2163 34.0046 4.05626
TA.249A.z -87.1225 31.9752 3.80635
TA.H56A.z -76.2594 44.593 4.08128
TA.M65A.z -70.6466 41.562 4.07964
TA.I59A.z -73.8744 43.7957 3.97958
TA.Q50A.z -83.979 38.8436 4.13663
TA.I61A.z -72.2087 43.9323 4.03388
TA.S47A.z -86.8779 37.5946 4.03314
TA.N62A.z -73.4677 40.9313 4.05961
TA.J48A.z -83.7849 43.2986 3.99561
TA.U54A.z -81.8204 36.5209 4.05716
TA.S57A.z -78.9536 37.7605 4.02705
TA.T53A.z -82.535 36.9823 4.07109
TA.O56A.z -78.5663 40.2683 4.03974
TA.Q48A.z -85.7311 38.9295 4.11115
TA.N56A.z -78.2953 40.9171 4.03554
TA.F42A.z -88.1347 45.7587 4.33928
TA.449A.z -87.2151 30.7596 3.90098
TA.L63A.z -71.6095 41.8631 4.04271
TA.D52A.z -78.4117 46.9764 4.06958
TA.N44A.z -88.1333 40.7953 4.47471
TA.E55A.z -76.0572 46.4538 4.0843
TA.K61A.z -73.2676 42.6695 3.9884
TA.357A.z -81.4855 31.4239 4.05505
TA.J46A.z -85.6466 43.3478 4.13418
TA.S49A.z -85.2875 37.7849 4.0877
TA.X48A.z -87.0452 34.4517 4.10847
TA.Y51A.z -85.064 33.8993 4.13038
TA.T49A.z -85.5334 37.105 4.10329
TA.N59A.z -75.7703 40.9168 4.03368
TA.254A.z -83.2905 31.9457 4.07162
TA.D59A.z -71.8358 47.0073 4.07705
TA.V54A.z -81.9478 35.7771 4.05128
TA.Q43A.z -89.6991 38.941 3.56051
TA.V46A.z -88.1177 35.8007 3.93414
TA.W60A.z -77.7133 35.0528 4.1159
TA.R57A.z -78.5232 38.297 4.01983
TA.858A.z -81.3616 28.2126 4.09696
TA.Z55A.z -82.1359 33.2211 4.08459
TA.K59A.z -74.8525 42.775 3.99257
TA.Y53A.z -83.5836 33.8554 4.02536
TA.251A.z -85.409 32.0929 4.28229
TA.U48A.z -86.5402 36.5107 4.30815
TA.O58A.z -76.9228 40.1231 4.0821
TA.W48A.z -86.9333 35.1386 4.43135
TA.J52A.z -80.4764 43.2407 4.08394
TA.452A.z -85.183 30.8492 4.13455
TA.F49A.z -82.0423 45.7627 4.07664
TA.O61A.z -74.553 40.0934 3.99769
TA.P56A.z -78.8386 39.5044 4.04568
TA.Q61A.z -75.3256 38.8799 4.02704
TA.E42A.z -87.914 46.4301 4.28951
TA.R59A.z -77.1164 38.2005 4.04812
TA.256A.z -81.8878 31.9799 3.98187
TA.158A.z -80.1935 32.7364 4.0538
TA.K46A.z -85.7834 42.6864 4.17092
TA.K50A.z -82.6231 42.7749 4.14849
TA.W54A.z -82.1859 35.0857 4.07126
TA.S60A.z -76.6535 37.7055 4.06838
TA.L64A.z -70.8391 41.9359 4.01943
TA.L56A.z -77.5591 42.1365 4.07324
TA.E56A.z -75.0341 46.5436 4.07801
TA.M51A.z -82.1831 41.3321 4.13478
TA.E60A.z -71.4469 46.3689 4.09411
TA.X51A.z -84.8574 34.5658 4.11187
TA.I49A.z -82.8246 43.94 4.04943
TA.H52A.z -79.8888 44.6422 4.06897
TA.Y52A.z -84.0626 33.864 4.10037
TA.J63A.z -71.0781 43.2792 3.9439
TA.Q46A.z -87.3575 39.0231 4.21219
TA.R52A.z -82.6443 38.3366 4.12522
TA.G42A.z -88.4277 45.2418 3.80831
TA.Q54A.z -80.8338 38.9836 4.02085
TA.G54A.z -78.0898 45.3979 4.14082
TA.R48A.z -85.8714 38.4001 4.16814
TA.V60A.z -77.2629 35.765 4.13894
TA.N52A.z -81.6876 40.8125 4.11793
TA.F46A.z -84.7586 45.7737 3.92573
TA.G60A.z -72.3337 45.0977 4.05598
TA.757A.z -82.0685 28.9413 4.23686
TA.S61A.z -75.6727 37.6804 4.04174
TA.D56A.z -74.7568 47.0485 4.11069
TA.655A.z -83.2552 29.5107 4.20229
TA.G47A.z -83.8551 45.173 4.12474
TA.E51A.z -79.4924 46.5333 4.10138
TA.P49A.z -84.7164 39.5342 4.08024
TA.X60A.z -77.9768 34.5773 4.10785
TA.353A.z -84.2172 31.3474 4.07075
TA.J42A.z -89.1234 43.3179 3.72834
TA.Y55A.z -81.8581 33.9375 3.9453
TA.959A.z -80.8791 27.524 3.96543
TA.H63A.z -70.0353 44.6616 4.03568
TA.M58A.z -76.4603 41.3721 4.08435
TA.I46A.z -85.4472 43.9411 4.02668
TA.W47A.z -87.5946 35.2511 4.35421
TA.V50A.z -85.1 35.6713 4.07906
TA.N55A.z -78.9862 40.7808 4.0608
TA.060A.z -80.3618 27.0361 3.89187
TA.155A.z -82.4665 32.6219 4.07947
TA.F60A.z -71.9514 45.9688 4.03871
TA.K49A.z -83.4556 42.7835 4.14169
TA.060Z.z -80.556 26.4062 4.09619
TA.Z59A.z -79.278 33.2414 4.00293
TA.K55A.z -78.0696 42.7278 4.06069
TA.J56A.z -76.8579 43.276 4.04075
TA.F59A.z -72.7833 45.8513 4.04088
TA.456A.z -82.0223 30.7248 4.0211
TA.W51A.z -84.7599 35.1606 4.18221
TA.G45A.z -85.6571 45.0404 4.09216
TA.P52A.z -82.1325 39.6337 4.06241
TA.S53A.z -82.1264 37.6815 4.13017
TA.T57A.z -79.2538 36.9983 4.01526
TA.X46A.z -88.5844 34.5564 4.13976
TA.M56A.z -78.1826 41.4837 4.03419
TA.T47A.z -87.1055 36.9881 4.03787
TA.151A.z -85.3267 32.5269 4.25351
TA.M60A.z -74.625 41.3265 4.00856
TA.F64A.z -68.3496 45.8633 4.01238
TA.E46A.z -84.3062 46.3665 4.05322
TA.E62A.z -69.5227 46.6201 4.15791
TA.H45A.z -86.044 44.6232 4.12413
TA.I64A.z -69.6347 43.9197 4.07508
TA.W46A.z -88.3783 35.1333 4.24
TA.U59A.z -77.7925 36.3526 4.0927
TA.255A.z -82.4758 31.9263 4.01452
TA.S54A.z -81.3114 37.7997 4.09128
TA.U61A.z -76.4464 36.3319 4.04759
TA.W58A.z -79.2333 35.0208 4.1105
TA.N51A.z -82.3748 40.9183 4.08085
TA.F43A.z -87.1694 45.8313 4.25441
TA.N45A.z -87.5118 40.8479 3.90843
TA.D51A.z -79.3733 47.0904 4.09792
TA.E52A.z -78.6569 46.2851 4.1464
TA.L60A.z -74.2226 41.989 3.96679
TA.S48A.z -86.0569 37.6574 4.17053
TA.350A.z -86.3353 31.4207 3.92297
TA.K60A.z -73.8886 42.6168 3.94118
TA.J47A.z -84.8214 43.2382 4.10642
TA.Y56A.z -81.3047 33.7922 4.00283
TA.X49A.z -86.326 34.5126 4.28919
TA.N58A.z -76.7158 40.8396 4.14787
TA.I45A.z -86.2348 44.0361 4.00301
TA.H48A.z -83.3249 44.7006 4.05433
TA.V57A.z -79.7758 35.8875 4.10518
TA.I51A.z -81.0231 43.8036 4.06015
TA.L57A.z -76.8492 42.0005 4.047
TA.R56A.z -79.4031 38.4071 4.03102
TA.O53A.z -81.2129 40.2493 4.08308
TA.G46A.z -84.8621 45.3176 4.08865
TA.Q58A.z -77.682 38.9413 4.00231
TA.D58A.z -72.8826 47.0954 4.10039
TA.152A.z -84.7188 32.6686 4.03586
TA.Z50A.z -85.9226 33.254 4.09843
TA.U47A.z -87.2892 36.4413 4.11997
TA.G64A.z -68.7558 45.2527 4.0155
TA.555A.z -82.9666 30.1212 4.00794
TA.556A.z -82.4057 30.0015 4.00339
TA.D60A.z -70.9237 46.9139 4.08481
TA.P59A.z -76.4327 39.6101 4.10835
TA.M46A.z -86.3524 41.4079 3.80439
TA.P45A.z -87.7439 39.5277 3.66306
TA.U55A.z -81.0472 36.5023 4.04921
TA.M63A.z -72.0464 41.4038 4.09229
TA.E45A.z -85.1774 46.3563 4.08335
TA.R58B.z -77.8787 37.9636 3.99891
TA.R58A.z -78.0034 38.2989 4.038
TA.K51A.z -81.5082 42.7223 4.10957
TA.T59A.z -77.5541 36.9716 4.04396
TA.O50A.z -83.6199 40.1468 4.08003
TA.U50A.z -84.8431 36.4156 4.09324
TA.058A.z -81.8049 27.0569 3.94335
TA.M48A.z -84.7171 41.4846 4.05196
TA.M52A.z -81.357 41.5405 4.09394
TA.X54A.z -82.3743 34.5474 4.04807
TA.E63A.z -68.422 46.422 4.07821
TA.M64A.z -71.2102 41.5509 4.06811
TA.H55A.z -77.183 44.5505 4.13513
TA.H41A.z -89.6534 44.6164 3.74347
TA.J60A.z -73.4212 43.2438 3.99276
TA.I60A.z -73.2916 43.844 3.94318
TA.T51A.z -83.9454 36.9655 4.04561
TA.Q45A.z -88.1565 38.8948 4.25648
TA.Q51A.z -83.3456 39.026 4.14998
TA.R51A.z -83.5834 38.3001 4.13815
TA.N63A.z -72.5206 40.9878 4.08497
TA.O47A.z -86.1742 40.2361 4.10705
TA.S46A.z -87.7153 37.6849 4.17352
TA.O57A.z -77.6354 40.2104 4.06723
TA.S50A.z -84.4003 37.679 4.00572
TA.T52A.z -82.9852 37.1076 3.99456
TA.V61A.z -76.5776 35.7912 4.07853
TA.F57A.z -74.6928 45.8122 4.07752
TA.G63A.z -69.6186 45.1147 4.01922
TA.E64A.z -67.8285 46.4184 3.97699
TA.V58A.z -79.115 35.794 4.14723
TA.758A.z -81.1996 28.9621 4.16526
TA.D55A.z -75.4732 47.019 4.0987
TA.M45A.z -87.2504 41.3881 3.59873
TA.M59A.z -75.4321 41.5413 4.04507
TA.H60A.z -72.6986 44.5606 4.03697
TA.X59A.z -78.6023 34.572 4.087
TA.I41A.z -89.8697 44.0592 3.52113
TA.I55A.z -77.6817 44.2161 4.13993
TA.F62A.z -69.9664 45.8968 4.08814
TA.N54A.z -79.9892 40.9617 4.01787
TA.156A.z -81.495 32.6542 4.0967
TA.Z54A.z -82.8417 33.2362 4.19513
TA.250A.z -86.2677 31.9778 4.00508
TA.O59A.z -76.1859 40.3114 4.13079
TA.J55A.z -77.8167 43.2657 4.07502
TA.451A.z -85.7467 30.616 4.11592
TA.552A.z -85.2938 30.1327 4.03075
TA.O60A.z -75.405 40.3177 3.98399
TA.G53A.z -78.6237 45.1222 4.09427
TA.P55A.z -79.8265 39.5078 4.06824
TA.Q60A.z -75.8429 39.0016 4.02209
