TA.T56A.z -80.0311 37.0288 3.98997
TA.Y58A.z -79.6665 33.9057 4.03531
TA.X57A.z -80.094 34.4643 4.04026
TA.M57A.z -77.128 41.3372 3.97099
TA.U51A.z -84.0165 36.3786 3.97453
TA.X47A.z -87.8571 34.5178 3.98864
TA.TIGA.z -83.5898 31.4389 4.01551
TA.F63A.z -69.1029 45.703 3.97548
TA.H46A.z -85.2034 44.5397 4.03104
TA.I63A.z -70.5809 44.0505 3.95675
TA.149A.z -86.7916 32.5983 3.91132
TA.Q52A.z -82.2669 38.9622 3.97382
TA.N60A.z -75.1 40.8704 4.02407
TA.O54A.z -80.3778 40.1821 3.97925
TA.S55A.z -80.5013 37.7724 3.9441
TA.U56A.z -80.3829 36.3472 3.98786
TA.W59A.z -78.443 35.1673 4.00904
TA.N46A.z -86.7352 40.8949 4.30178
TA.V53A.z -82.8124 35.6694 4.06401
TA.L65A.z -70.0528 42.0295 3.99064
TA.E57A.z -74.1471 46.4117 4.02802
TA.X50B.z -85.6499 34.4611 4.15285
TA.355A.z -82.8518 31.3438 3.94124
TA.L55A.z -78.4368 42.1831 3.96598
TA.I48A.z -83.7022 44.1873 3.99602
TA.V47A.z -87.5205 35.8278 4.12856
TA.L49A.z -83.7672 42.1088 3.98805
TA.P60A.z -75.6358 39.8113 3.99799
TA.I52A.z -80.177 44.068 4.01747
TA.Q55A.z -80.0812 38.9952 3.87927
TA.R55A.z -80.1195 38.2825 3.84935
TA.R49A.z -85.1714 38.2916 4.00224
TA.G55A.z -76.7187 45.2532 4.00652
TA.U46A.z -88.1773 36.359 4.34518
TA.Z53A.z -83.5713 33.2801 4.07681
TA.153A.z -83.8316 32.6499 4.03547
TA.R60A.z -76.5807 38.2684 3.98893
TA.D61A.z -70.1868 47.2022 4.0167
TA.557A.z -81.7291 30.016 3.97583
TA.P58A.z -77.3005 39.4891 4.01648
TA.P46A.z -87.2067 39.6178 4.29657
TA.H64A.z -69.2203 44.6412 3.93438
TA.U60A.z -77.1596 36.4718 4.02851
TA.Y59A.z -78.8737 33.9897 3.99632
TA.K48A.z -84.1197 42.8032 4.02519
TA.F61A.z -70.9921 45.9743 3.99423
TA.O49A.z -84.3353 40.188 4.02971
TA.061Z.z -80.907 25.8657 3.93249
TA.K56A.z -77.3244 42.6981 4.0098
TA.Z58A.z -79.8129 33.3349 3.99974
TA.F58A.z -73.8145 45.8663 4.01895
TA.W52A.z -83.9277 35.0935 3.95461
TA.J59A.z -74.5041 43.4647 3.99737
TA.455A.z -83.026 30.7422 3.92077
TA.P51A.z -83.0601 39.4818 4.00218
TA.Q59A.z -76.6548 38.8644 4.00355
TA.E58A.z -73.2771 46.3721 4.04371
TA.X53A.z -83.3013 34.5031 3.98126
TA.M53A.z -80.675 41.4393 3.94679
TA.L50A.z -82.8095 42.043 3.98697
TA.G59A.z -73.1809 45.0807 3.99192
TA.T60A.z -76.7349 37.1397 4.00857
TA.S58A.z -78.0511 37.6126 4.05111
TA.L46A.z -86.2955 42.0127 4.03569
TA.J61A.z -72.5535 43.3462 3.9039
TA.N48A.z -85.0271 40.8591 3.99857
TA.Q56A.z -79.1871 39.041 3.92248
TA.R50A.z -84.3274 38.2816 3.98941
TA.S45A.z -88.5804 37.6774 4.46764
TA.D48A.z -81.8072 47.1743 4.03074
TA.S51A.z -83.5935 37.6392 3.94394
TA.T51A.z -83.9454 36.9655 4.01968
TA.Y48A.z -87.1696 33.9131 4.23218
TA.N50A.z -83.1486 40.7711 3.99079
TA.L61A.z -73.5543 42.1934 3.86764
TA.E53A.z -77.6638 46.3784 3.99918
TA.L61B.z -72.6802 42.4498 3.9185
TA.D50A.z -79.8412 47.1668 4.00831
TA.351A.z -85.6036 31.2753 3.50133
TA.L59A.z -75.0426 42.1902 4.00875
TA.D46A.z -84.0357 46.891 4.0593
TA.Y57A.z -80.3915 34.017 4.02763
TA.K63A.z -71.5283 42.6888 4.0008
TA.V56A.z -80.4963 35.8097 4.02686
TA.N43A.z -89.1735 40.9394 4.48025
TA.157A.z -80.9972 32.678 3.97712
TA.253A.z -84.1294 32.0612 3.97411
TA.Z57A.z -80.7039 33.297 3.98554
TA.J54A.z -78.6392 43.2728 3.98265
TA.062Z.z -81.0523 24.7266 3.98549
TA.553A.z -84.4317 30.189 3.90837
TA.450A.z -86.5863 30.8038 3.79184
TA.L48A.z -84.4329 41.9438 4.05443
TA.P54A.z -80.4796 39.602 3.95343
TA.Z49A.z -86.5311 33.1942 4.33917
TA.U52A.z -83.3671 36.3929 4.0224
TA.V49A.z -85.903 35.7663 4.05547
TA.M62A.z -72.8939 41.4423 3.99453
TA.E44A.z -85.9214 46.6199 4.05575
TA.T58A.z -78.5338 36.9454 4.0398
TA.O51A.z -82.6056 40.147 4.02939
TA.K52A.z -80.7139 42.7805 3.986
TA.W56A.z -80.5828 35.135 4.02057
TA.V52A.z -83.5959 35.8417 3.9847
TA.Q49A.z -84.8956 39.005 4.01036
TA.N47A.z -85.6942 40.8801 4.00511
TA.L62A.z -72.6617 42.0328 3.95758
TA.E54A.z -77.1869 46.4339 4.07553
TA.D53A.z -77.7001 47.0795 4.04448
TA.L54A.z -79.3162 42.2345 3.98787
TA.356A.z -82.1275 31.3247 3.99854
TA.Y50A.z -85.7347 33.8911 4.19372
TA.P61A.z -74.7919 39.6734 4.03373
TA.I53A.z -79.5912 43.8238 4.03268
TA.R54A.z -80.9904 38.1809 3.97123
TA.V55A.z -81.2149 35.8518 3.97702
TA.W61A.z -76.9909 35.1773 4.10137
TA.457A.z -81.5563 30.6199 4.04292
TA.V62A.z -75.957 35.5612 4.03572
TA.D62A.z -69.0501 47.0819 3.99318
TA.657A.z -81.8665 29.5852 3.96327
TA.G62A.z -70.5319 45.2186 3.92634
TA.F44A.z -86.4226 45.9737 4.3302
TA.D54A.z -76.657 47.152 4.02693
TA.T48A.z -86.3943 37.1094 4.12975
TA.X58A.z -79.3388 34.5548 4.01719
TA.H61A.z -71.9271 44.5339 3.89336
TA.N57A.z -77.5509 40.7556 3.98335
TA.H59A.z -73.6905 44.6455 3.9644
TA.E43A.z -86.9954 46.3758 3.70985
TA.R44A.z -89.0809 38.2475 4.15866
TA.O48A.z -85.1553 40.2571 4.06016
TA.K47A.z -84.9993 42.6704 4.06823
TA.257A.z -81.0261 31.9746 3.99187
TA.K57A.z -76.5163 42.7313 3.97427
TA.454A.z -83.6302 30.7145 3.95973
TA.W53A.z -83.163 35.1696 3.94876
TA.J58A.z -75.2852 43.3603 4.00275
TA.658A.z -81.2578 29.422 4.00571
TA.P50A.z -83.7988 39.6086 4.00459
TA.M54A.z -79.6647 41.5079 3.94736
TA.L53A.z -80.2598 41.9539 3.9636
TA.X56A.z -81.0319 34.4923 4.01689
TA.M66A.z -70.1353 41.259 4.021
TA.L43A.z -88.7423 42.1833 4.20304
TA.T55A.z -80.7843 37.117 3.99883
TA.I58A.z -74.9733 43.6901 4.0185
TA.H57A.z -75.3905 44.4624 3.98576
TA.L58A.z -75.8502 42.0447 4.01507
TA.I62A.z -71.3359 43.8743 4.012
TA.H47A.z -84.2062 44.5994 3.97542
TA.E48A.z -82.1653 46.4809 4.09721
TA.148A.z -87.571 32.6469 3.84466
TA.Q53A.z -81.5251 38.8586 3.94019
TA.S61A.z -75.6727 37.6804 4.02223
TA.N61A.z -74.2969 40.7519 3.99553
TA.O55A.z -79.3041 40.2076 3.92439
TA.S56A.z -79.5662 37.6771 3.92377
TA.U57A.z -79.3364 36.4319 4.07107
TA.F55A.z -76.351 45.8338 4.00773
TA.F41A.z -89.1046 45.7387 3.88553
TA.G61A.z -71.5273 45.2827 3.91353
TA.N53A.z -80.8377 40.8065 3.95416
TA.D57A.z -73.8878 47.0172 4.03029
TA.D47A.z -83.1038 47.0558 4.0253
TA.P48A.z -85.4258 39.4605 4.06414
TA.M43A.z -88.9581 41.4365 4.29631
TA.E50A.z -80.7378 46.4232 3.99442
TA.K62A.z -72.2345 42.6651 3.97163
TA.958A.z -81.7543 27.5855 3.94438
TA.J45A.z -86.3889 43.4354 4.04426
TA.857A.z -82.2291 28.267 4.06812
TA.352A.z -84.9274 31.4793 4.02428
TA.I47A.z -84.5096 44.0193 4.04113
TA.H62A.z -71.1559 44.5743 3.91691
TA.Y54A.z -82.688 33.8621 4.03059
TA.I57A.z -75.6599 43.9377 4.00462
TA.V51A.z -84.3511 35.8033 3.94643
TA.KMSC.z -81.3333 35.142 4.00281
TA.150A.z -86.022 32.6067 4.34966
TA.K58A.z -75.6473 42.7633 3.98422
TA.Z52A.z -84.4176 33.1893 3.9963
TA.U49A.z -85.7796 36.5129 3.98309
TA.859A.z -80.8984 28.0592 4.03452
TA.F52A.z -79.3227 45.7951 4.03143
TA.R61A.z -75.339 38.3303 4.03945
TA.F48A.z -82.6185 45.8278 4.0425
TA.453A.z -84.3197 30.8541 4.0112
TA.P57A.z -78.0126 39.4835 3.97903
TA.P47A.z -86.2699 39.4869 4.18338
TA.H65A.z -68.2469 44.6961 4.00687
TA.U53A.z -82.5765 36.3644 4.02774
TA.M61A.z -73.7673 41.3104 4.02196
TA.T50A.z -84.8384 37.0204 3.98366
TA.S52A.z -83.0784 37.6791 3.96577
TA.T46A.z -87.8941 37.0417 4.29472
TA.E47A.z -83.2777 46.4547 4.06082
TA.K43A.z -88.332 42.7044 4.41913
TA.059Z.z -81.4432 26.3373 3.97988
TA.O52A.z -81.8361 40.1158 4.07196
TA.W57A.z -79.9928 35.1529 4.01242
TA.U58A.z -78.5493 36.3944 4.04246
TA.E59A.z -72.5108 46.4803 4.05382
TA.Y49A.z -86.4119 33.8577 4.05636
TA.X52A.z -83.8938 34.6032 3.92567
TA.E61A.z -70.489 46.4312 3.98721
TA.G58A.z -74.054 45.1492 4.00893
TA.L47A.z -85.2021 41.9756 4.13798
TA.S59A.z -77.2942 37.762 4.04963
TA.M50A.z -83.0428 41.4035 3.99396
TA.H53A.z -78.5832 44.5736 4.03089
TA.J62A.z -71.8127 43.2262 3.99462
TA.H43A.z -87.7704 44.4697 4.0459
TA.Q47A.z -86.4261 38.9362 4.4864
TA.Q57A.z -78.4107 39.0353 3.91197
TA.R53A.z -81.9522 38.3307 3.97771
TA.N49A.z -84.1825 40.922 3.96203
TA.D49A.z -81.3562 47.2726 4.03397
TA.G53A.z -78.6237 45.1222 4.06879
TA.957A.z -82.2357 27.6702 4.1328
TA.Z51A.z -85.1747 33.3167 4.00862
TA.F51A.z -79.915 45.9284 3.98583
TA.F45A.z -85.5156 45.6837 4.03223
TA.G65A.z -67.5632 45.2002 3.9555
TA.D63A.z -68.1066 47.037 4.01687
TA.SFIN.z -87.0967 40.379 4.41643
TA.656A.z -82.5348 29.3689 4.06476
TA.554A.z -83.6836 30.0841 3.85214
TA.P44A.z -88.6209 39.4676 4.35766
TA.M47A.z -85.6214 41.3594 4.02016
TA.H66A.z -67.3115 44.7859 4.02699
TA.H58A.z -74.1798 44.4176 3.98832
TA.I43A.z -88.146 43.8844 3.97809
TA.V48A.z -86.8219 35.74 4.05723
TA.Z56A.z -81.3687 33.3253 3.96908
TA.252A.z -84.7357 31.9962 3.97973
TA.154A.z -83.1066 32.6131 4.01398
TA.K54A.z -78.6908 42.6097 4.00157
TA.J49A.z -83.1389 43.36 4.03953
TA.W50A.z -85.3119 35.2002 3.96323
TA.J57A.z -75.9968 43.4099 3.97395
TA.P53A.z -81.3896 39.4868 3.98214
TA.P43A.z -89.5213 39.6409 4.24457
TA.349A.z -87.1924 31.3504 4.36205
TA.G57A.z -74.9855 45.1036 4.00358
TA.X55A.z -81.6336 34.4701 4.04116
TA.M49A.z -83.9752 41.4745 4.02793
TA.059A.z -81.144 26.9671 3.95687
TA.T54A.z -81.5762 37.0608 3.96579
TA.L44A.z -87.9119 42.1782 3.75953
TA.M55A.z -78.7649 41.4686 3.95342
TA.Y60A.z -78.2163 34.0046 4.08396
TA.060Z.z -80.556 26.4062 3.96451
TA.H56A.z -76.2594 44.593 4.01346
TA.M65A.z -70.6466 41.562 3.95711
TA.I59A.z -73.8744 43.7957 3.90927
TA.Q50A.z -83.979 38.8436 3.97494
TA.I61A.z -72.2087 43.9323 3.97201
TA.S47A.z -86.8779 37.5946 4.08704
TA.N62A.z -73.4677 40.9313 4.06896
TA.J48A.z -83.7849 43.2986 4.00089
TA.U54A.z -81.8204 36.5209 3.98318
TA.S57A.z -78.9536 37.7605 3.97169
TA.T53A.z -82.535 36.9823 3.94843
TA.O56A.z -78.5663 40.2683 3.97691
TA.Q48A.z -85.7311 38.9295 4.03683
TA.N56A.z -78.2953 40.9171 3.99028
TA.449A.z -87.2151 30.7596 4.02899
TA.L63A.z -71.6095 41.8631 3.999
TA.D52A.z -78.4117 46.9764 4.04098
TA.N44A.z -88.1333 40.7953 3.86986
TA.E55A.z -76.0572 46.4538 4.02364
TA.K61A.z -73.2676 42.6695 3.85028
TA.357A.z -81.4855 31.4239 4.02435
TA.J46A.z -85.6466 43.3478 4.07358
TA.S49A.z -85.2875 37.7849 3.89395
TA.X48A.z -87.0452 34.4517 3.90309
TA.Y51A.z -85.064 33.8993 3.99258
TA.T49A.z -85.5334 37.105 3.95477
TA.N59A.z -75.7703 40.9168 3.94875
TA.254A.z -83.2905 31.9457 4.01873
TA.D59A.z -71.8358 47.0073 4.02331
TA.V54A.z -81.9478 35.7771 4.02187
TA.V46A.z -88.1177 35.8007 4.32662
TA.W60A.z -77.7133 35.0528 3.99996
TA.R57A.z -78.5232 38.297 3.94424
TA.858A.z -81.3616 28.2126 4.06324
TA.Z55A.z -82.1359 33.2211 4.02981
TA.K59A.z -74.8525 42.775 3.95977
TA.Y53A.z -83.5836 33.8554 4.02766
TA.F64A.z -68.3496 45.8633 3.98343
TA.U48A.z -86.5402 36.5107 4.07067
TA.O58A.z -76.9228 40.1231 4.01593
TA.W48A.z -86.9333 35.1386 4.02611
TA.J52A.z -80.4764 43.2407 3.99221
TA.452A.z -85.183 30.8492 3.69172
TA.F49A.z -82.0423 45.7627 4.03416
TA.O61A.z -74.553 40.0934 3.99067
TA.P56A.z -78.8386 39.5044 3.89647
TA.Q61A.z -75.3256 38.8799 4.02924
TA.E42A.z -87.914 46.4301 3.64975
TA.R59A.z -77.1164 38.2005 4.02938
TA.256A.z -81.8878 31.9799 3.99425
TA.158A.z -80.1935 32.7364 3.98847
TA.R45A.z -88.2812 38.2926 4.27921
TA.K46A.z -85.7834 42.6864 4.11171
TA.L42A.z -89.667 42.004 4.41203
TA.K50A.z -82.6231 42.7749 3.93707
TA.W54A.z -82.1859 35.0857 4.00633
TA.S60A.z -76.6535 37.7055 3.95435
TA.L64A.z -70.8391 41.9359 3.98781
TA.L56A.z -77.5591 42.1365 4.00383
TA.E56A.z -75.0341 46.5436 4.0064
TA.M51A.z -82.1831 41.3321 3.98985
TA.E60A.z -71.4469 46.3689 4.00916
TA.X51A.z -84.8574 34.5658 3.94192
TA.I49A.z -82.8246 43.94 4.00981
TA.H52A.z -79.8888 44.6422 4.09947
TA.Y52A.z -84.0626 33.864 3.97504
TA.J63A.z -71.0781 43.2792 3.93544
TA.R52A.z -82.6443 38.3366 3.93552
TA.G42A.z -88.4277 45.2418 3.77675
TA.Q54A.z -80.8338 38.9836 3.94342
TA.O44A.z -88.4671 40.1526 4.43532
TA.G54A.z -78.0898 45.3979 4.01657
TA.R48A.z -85.8714 38.4001 4.15801
TA.V60A.z -77.2629 35.765 3.99397
TA.N52A.z -81.6876 40.8125 4.03548
TA.F46A.z -84.7586 45.7737 4.17976
TA.G60A.z -72.3337 45.0977 3.90444
TA.757A.z -82.0685 28.9413 4.24381
TA.V59A.z -78.2394 35.7649 4.04807
TA.D56A.z -74.7568 47.0485 4.02101
TA.655A.z -83.2552 29.5107 3.92699
TA.G47A.z -83.8551 45.173 4.03691
TA.E51A.z -79.4924 46.5333 4.0538
TA.P49A.z -84.7164 39.5342 4.06231
TA.X60A.z -77.9768 34.5773 4.02282
TA.353A.z -84.2172 31.3474 4.02772
TA.J42A.z -89.1234 43.3179 4.496
TA.Y55A.z -81.8581 33.9375 4.054
TA.959A.z -80.8791 27.524 3.96788
TA.H63A.z -70.0353 44.6616 3.95568
TA.M58A.z -76.4603 41.3721 3.97193
TA.I46A.z -85.4472 43.9411 4.0212
TA.W47A.z -87.5946 35.2511 3.91822
TA.V50A.z -85.1 35.6713 3.98103
TA.N55A.z -78.9862 40.7808 3.93764
TA.060A.z -80.3618 27.0361 4.03236
TA.E41A.z -88.9636 46.4643 3.88778
TA.155A.z -82.4665 32.6219 3.97356
TA.F60A.z -71.9514 45.9688 3.96898
TA.K49A.z -83.4556 42.7835 3.97439
TA.249A.z -87.1225 31.9752 3.81414
TA.Z59A.z -79.278 33.2414 4.07831
TA.K55A.z -78.0696 42.7278 3.99469
TA.J56A.z -76.8579 43.276 3.9549
TA.F59A.z -72.7833 45.8513 3.98994
TA.456A.z -82.0223 30.7248 3.95664
TA.W51A.z -84.7599 35.1606 3.95658
TA.G45A.z -85.6571 45.0404 3.9919
TA.P52A.z -82.1325 39.6337 4.02444
TA.S53A.z -82.1264 37.6815 3.92885
TA.T57A.z -79.2538 36.9983 4.02174
TA.X46A.z -88.5844 34.5564 3.854
TA.M56A.z -78.1826 41.4837 3.96146
TA.T47A.z -87.1055 36.9881 4.09967
TA.151A.z -85.3267 32.5269 4.30017
TA.M60A.z -74.625 41.3265 3.99865
TA.251A.z -85.409 32.0929 4.15023
TA.E46A.z -84.3062 46.3665 4.01365
TA.E62A.z -69.5227 46.6201 4.02312
TA.H45A.z -86.044 44.6232 3.97938
TA.I64A.z -69.6347 43.9197 3.98168
TA.K42A.z -89.3457 42.7792 4.16979
TA.W46A.z -88.3783 35.1333 3.82643
TA.O43A.z -89.313 40.2856 4.35576
TA.U59A.z -77.7925 36.3526 4.02068
TA.255A.z -82.4758 31.9263 3.99798
TA.S54A.z -81.3114 37.7997 3.97297
TA.U61A.z -76.4464 36.3319 4.02242
TA.W58A.z -79.2333 35.0208 3.99679
TA.N51A.z -82.3748 40.9183 4.0255
TA.F43A.z -87.1694 45.8313 4.19667
TA.N45A.z -87.5118 40.8479 3.82514
TA.D51A.z -79.3733 47.0904 4.0256
TA.E52A.z -78.6569 46.2851 4.01251
TA.L60A.z -74.2226 41.989 3.92285
TA.S48A.z -86.0569 37.6574 4.13562
TA.350A.z -86.3353 31.4207 3.8212
TA.K60A.z -73.8886 42.6168 3.89508
TA.J47A.z -84.8214 43.2382 4.05202
TA.Y56A.z -81.3047 33.7922 4.03395
TA.X49A.z -86.326 34.5126 4.13882
TA.N58A.z -76.7158 40.8396 3.94341
TA.I45A.z -86.2348 44.0361 3.9698
TA.H48A.z -83.3249 44.7006 3.96641
TA.V57A.z -79.7758 35.8875 3.99719
TA.I51A.z -81.0231 43.8036 3.99106
TA.L57A.z -76.8492 42.0005 3.9953
TA.R56A.z -79.4031 38.4071 3.89182
TA.O53A.z -81.2129 40.2493 4.01405
TA.G46A.z -84.8621 45.3176 3.96198
TA.Q58A.z -77.682 38.9413 3.99079
TA.D58A.z -72.8826 47.0954 4.04668
TA.152A.z -84.7188 32.6686 4.02792
TA.Z50A.z -85.9226 33.254 4.00268
TA.U47A.z -87.2892 36.4413 3.96215
TA.G64A.z -68.7558 45.2527 3.97731
TA.555A.z -82.9666 30.1212 4.00155
TA.556A.z -82.4057 30.0015 3.98986
TA.D60A.z -70.9237 46.9139 4.03779
TA.P59A.z -76.4327 39.6101 4.00585
TA.M46A.z -86.3524 41.4079 4.30936
TA.U55A.z -81.0472 36.5023 3.97737
TA.M63A.z -72.0464 41.4038 4.05342
TA.E45A.z -85.1774 46.3563 4.2188
TA.R58B.z -77.8787 37.9636 4.01483
TA.R58A.z -78.0034 38.2989 4.01629
TA.K51A.z -81.5082 42.7223 3.97575
TA.T59A.z -77.5541 36.9716 4.03034
TA.O50A.z -83.6199 40.1468 4.00646
TA.U50A.z -84.8431 36.4156 3.95167
TA.058A.z -81.8049 27.0569 3.99551
TA.M48A.z -84.7171 41.4846 4.03094
TA.M52A.z -81.357 41.5405 3.98897
TA.X54A.z -82.3743 34.5474 4.00765
TA.E63A.z -68.422 46.422 3.99078
TA.M64A.z -71.2102 41.5509 4.01082
TA.H55A.z -77.183 44.5505 4.00737
TA.J60A.z -73.4212 43.2438 3.90758
TA.I60A.z -73.2916 43.844 3.88513
TA.W49A.z -86.2645 35.1194 4.00323
TA.Q51A.z -83.3456 39.026 4.00389
TA.R51A.z -83.5834 38.3001 4.02119
TA.N63A.z -72.5206 40.9878 4.07373
TA.O47A.z -86.1742 40.2361 4.0045
TA.S46A.z -87.7153 37.6849 4.06517
TA.O57A.z -77.6354 40.2104 4.01007
TA.S50A.z -84.4003 37.679 4
TA.T52A.z -82.9852 37.1076 4.01526
TA.V61A.z -76.5776 35.7912 4.06041
TA.F57A.z -74.6928 45.8122 4.01706
TA.G63A.z -69.6186 45.1147 3.96493
TA.E64A.z -67.8285 46.4184 3.97546
TA.V58A.z -79.115 35.794 3.98815
TA.758A.z -81.1996 28.9621 4.19522
TA.D55A.z -75.4732 47.019 4.08406
TA.M59A.z -75.4321 41.5413 3.99741
TA.H60A.z -72.6986 44.5606 3.9178
TA.X59A.z -78.6023 34.572 4.02427
TA.I41A.z -89.8697 44.0592 4.07227
TA.I55A.z -77.6817 44.2161 4.02304
TA.F62A.z -69.9664 45.8968 4.0006
TA.N54A.z -79.9892 40.9617 3.94494
TA.156A.z -81.495 32.6542 4.00121
TA.Z54A.z -82.8417 33.2362 4.08944
TA.250A.z -86.2677 31.9778 4.08367
TA.O59A.z -76.1859 40.3114 3.99444
TA.J55A.z -77.8167 43.2657 4.00679
TA.451A.z -85.7467 30.616 3.786
TA.552A.z -85.2938 30.1327 4.13465
TA.O60A.z -75.405 40.3177 3.96799
TA.P55A.z -79.8265 39.5078 3.9314
TA.Q60A.z -75.8429 39.0016 4.01637
