TA.T56A.z -80.0311 37.0288 3.60686
TA.Y58A.z -79.6665 33.9057 3.77502
TA.X57A.z -80.094 34.4643 3.75288
TA.M57A.z -77.128 41.3372 3.65943
TA.U51A.z -84.0165 36.3786 3.62421
TA.X47A.z -87.8571 34.5178 3.72821
TA.TIGA.z -83.5898 31.4389 3.72357
TA.F63A.z -69.1029 45.703 3.68357
TA.H46A.z -85.2034 44.5397 3.71129
TA.I63A.z -70.5809 44.0505 3.70641
TA.149A.z -86.7916 32.5983 3.72762
TA.Q52A.z -82.2669 38.9622 3.64547
TA.N60A.z -75.1 40.8704 3.65985
TA.O54A.z -80.3778 40.1821 3.64417
TA.S55A.z -80.5013 37.7724 3.63324
TA.U56A.z -80.3829 36.3472 3.64289
TA.W59A.z -78.443 35.1673 3.72244
TA.V53A.z -82.8124 35.6694 3.6602
TA.L65A.z -70.0528 42.0295 3.77902
TA.E57A.z -74.1471 46.4117 3.74032
TA.355A.z -82.8518 31.3438 3.73769
TA.L55A.z -78.4368 42.1831 3.65422
TA.I48A.z -83.7022 44.1873 3.72999
TA.V47A.z -87.5205 35.8278 3.64611
TA.L49A.z -83.7672 42.1088 3.67218
TA.P60A.z -75.6358 39.8113 3.73888
TA.I52A.z -80.177 44.068 3.73884
TA.Q55A.z -80.0812 38.9952 3.64638
TA.R55A.z -80.1195 38.2825 3.69819
TA.R49A.z -85.1714 38.2916 3.69551
TA.G55A.z -76.7187 45.2532 3.71434
TA.U46A.z -88.1773 36.359 3.99901
TA.Z53A.z -83.5713 33.2801 3.78692
TA.153A.z -83.8316 32.6499 3.7366
TA.R60A.z -76.5807 38.2684 3.76413
TA.D61A.z -70.1868 47.2022 3.67605
TA.557A.z -81.7291 30.016 3.86404
TA.P58A.z -77.3005 39.4891 3.70336
TA.H64A.z -69.2203 44.6412 3.71994
TA.U60A.z -77.1596 36.4718 3.76704
TA.Y59A.z -78.8737 33.9897 3.78204
TA.K48A.z -84.1197 42.8032 3.68441
TA.F61A.z -70.9921 45.9743 3.65123
TA.O49A.z -84.3353 40.188 3.69795
TA.R47A.z -86.527 38.2957 3.60255
TA.061Z.z -80.907 25.8657 3.71621
TA.K56A.z -77.3244 42.6981 3.68597
TA.Z58A.z -79.8129 33.3349 3.74188
TA.F58A.z -73.8145 45.8663 3.73935
TA.W52A.z -83.9277 35.0935 3.65721
TA.J59A.z -74.5041 43.4647 3.76249
TA.455A.z -83.026 30.7422 3.81801
TA.P51A.z -83.0601 39.4818 3.6903
TA.Q59A.z -76.6548 38.8644 3.76754
TA.E58A.z -73.2771 46.3721 3.75686
TA.X53A.z -83.3013 34.5031 3.6154
TA.M53A.z -80.675 41.4393 3.64857
TA.L50A.z -82.8095 42.043 3.73478
TA.G59A.z -73.1809 45.0807 3.71824
TA.T60A.z -76.7349 37.1397 3.79045
TA.S58A.z -78.0511 37.6126 3.7963
TA.L46A.z -86.2955 42.0127 3.78468
TA.J61A.z -72.5535 43.3462 3.73363
TA.N48A.z -85.0271 40.8591 3.67643
TA.H42A.z -88.5311 44.5091 3.9467
TA.Q56A.z -79.1871 39.041 3.63659
TA.R50A.z -84.3274 38.2816 3.62121
TA.S45A.z -88.5804 37.6774 3.75332
TA.D48A.z -81.8072 47.1743 3.80069
TA.S51A.z -83.5935 37.6392 3.66733
TA.T51A.z -83.9454 36.9655 3.69919
TA.Y48A.z -87.1696 33.9131 3.75432
TA.N50A.z -83.1486 40.7711 3.64898
TA.L61A.z -73.5543 42.1934 3.68408
TA.E53A.z -77.6638 46.3784 3.74808
TA.L61B.z -72.6802 42.4498 3.70021
TA.D50A.z -79.8412 47.1668 3.80293
TA.351A.z -85.6036 31.2753 3.60769
TA.L59A.z -75.0426 42.1902 3.69245
TA.D46A.z -84.0357 46.891 3.78715
TA.Y57A.z -80.3915 34.017 3.76276
TA.K63A.z -71.5283 42.6888 3.79687
TA.V56A.z -80.4963 35.8097 3.75128
TA.157A.z -80.9972 32.678 3.74401
TA.253A.z -84.1294 32.0612 3.66153
TA.Z57A.z -80.7039 33.297 3.73042
TA.J54A.z -78.6392 43.2728 3.71386
TA.062Z.z -81.0523 24.7266 3.73996
TA.553A.z -84.4317 30.189 3.76827
TA.450A.z -86.5863 30.8038 3.64347
TA.L48A.z -84.4329 41.9438 3.69638
TA.P54A.z -80.4796 39.602 3.66187
TA.Z49A.z -86.5311 33.1942 3.59552
TA.U52A.z -83.3671 36.3929 3.59394
TA.T45A.z -88.6447 37.0196 3.73865
TA.V49A.z -85.903 35.7663 3.74736
TA.M62A.z -72.8939 41.4423 3.77736
TA.E44A.z -85.9214 46.6199 3.58849
TA.T58A.z -78.5338 36.9454 3.77528
TA.O51A.z -82.6056 40.147 3.66776
TA.K52A.z -80.7139 42.7805 3.69644
TA.W56A.z -80.5828 35.135 3.7023
TA.V52A.z -83.5959 35.8417 3.70853
TA.Q49A.z -84.8956 39.005 3.66975
TA.N47A.z -85.6942 40.8801 3.84986
TA.L62A.z -72.6617 42.0328 3.80464
TA.V48A.z -86.8219 35.74 nan
TA.D53A.z -77.7001 47.0795 3.74559
TA.L54A.z -79.3162 42.2345 3.66464
TA.356A.z -82.1275 31.3247 3.7417
TA.Y50A.z -85.7347 33.8911 3.72435
TA.P61A.z -74.7919 39.6734 3.85371
TA.I53A.z -79.5912 43.8238 3.68773
TA.R54A.z -80.9904 38.1809 3.63979
TA.V55A.z -81.2149 35.8518 3.7108
TA.W61A.z -76.9909 35.1773 3.78342
TA.457A.z -81.5563 30.6199 3.83823
TA.V62A.z -75.957 35.5612 3.77675
TA.D62A.z -69.0501 47.0819 3.69535
TA.657A.z -81.8665 29.5852 3.97014
TA.G62A.z -70.5319 45.2186 3.69462
TA.F44A.z -86.4226 45.9737 3.51043
TA.D54A.z -76.657 47.152 3.72062
TA.T48A.z -86.3943 37.1094 3.66249
TA.M44A.z -88.0432 41.3882 3.8027
TA.X58A.z -79.3388 34.5548 3.7703
TA.H61A.z -71.9271 44.5339 3.67938
TA.N57A.z -77.5509 40.7556 3.68854
TA.H59A.z -73.6905 44.6455 3.71736
TA.E43A.z -86.9954 46.3758 3.89043
TA.R44A.z -89.0809 38.2475 3.8392
TA.O48A.z -85.1553 40.2571 3.73837
TA.K47A.z -84.9993 42.6704 3.75902
TA.257A.z -81.0261 31.9746 3.83848
TA.K57A.z -76.5163 42.7313 3.66375
TA.454A.z -83.6302 30.7145 3.74433
TA.W53A.z -83.163 35.1696 3.66971
TA.J58A.z -75.2852 43.3603 3.71229
TA.658A.z -81.2578 29.422 3.87865
TA.P50A.z -83.7988 39.6086 3.7201
TA.M54A.z -79.6647 41.5079 3.62898
TA.L53A.z -80.2598 41.9539 3.62418
TA.X56A.z -81.0319 34.4923 3.77468
TA.M66A.z -70.1353 41.259 3.84037
TA.L43A.z -88.7423 42.1833 3.6208
TA.T55A.z -80.7843 37.117 3.61807
TA.I58A.z -74.9733 43.6901 3.73698
TA.H57A.z -75.3905 44.4624 3.7035
TA.L58A.z -75.8502 42.0447 3.68028
TA.I62A.z -71.3359 43.8743 3.76811
TA.H47A.z -84.2062 44.5994 3.70702
TA.E48A.z -82.1653 46.4809 3.80313
TA.148A.z -87.571 32.6469 3.83364
TA.Q53A.z -81.5251 38.8586 3.65396
TA.S61A.z -75.6727 37.6804 3.79572
TA.N61A.z -74.2969 40.7519 3.77279
TA.O55A.z -79.3041 40.2076 3.65508
TA.S56A.z -79.5662 37.6771 3.62945
TA.U57A.z -79.3364 36.4319 3.76343
TA.F55A.z -76.351 45.8338 3.72667
TA.G61A.z -71.5273 45.2827 3.70652
TA.N53A.z -80.8377 40.8065 3.66037
TA.D57A.z -73.8878 47.0172 3.72676
TA.D47A.z -83.1038 47.0558 3.72743
TA.P48A.z -85.4258 39.4605 3.80695
TA.M43A.z -88.9581 41.4365 3.60221
TA.E50A.z -80.7378 46.4232 3.77746
TA.K62A.z -72.2345 42.6651 3.80945
TA.958A.z -81.7543 27.5855 3.71473
TA.J45A.z -86.3889 43.4354 3.76662
TA.857A.z -82.2291 28.267 3.94392
TA.352A.z -84.9274 31.4793 3.74349
TA.I47A.z -84.5096 44.0193 3.70484
TA.H62A.z -71.1559 44.5743 3.75082
TA.Y54A.z -82.688 33.8621 3.71929
TA.I57A.z -75.6599 43.9377 3.71296
TA.V51A.z -84.3511 35.8033 3.63807
TA.KMSC.z -81.3333 35.142 3.7232
TA.150A.z -86.022 32.6067 3.63921
TA.K58A.z -75.6473 42.7633 3.65077
TA.Z52A.z -84.4176 33.1893 3.6357
TA.U49A.z -85.7796 36.5129 3.79968
TA.859A.z -80.8984 28.0592 3.69564
TA.F52A.z -79.3227 45.7951 3.74706
TA.R61A.z -75.339 38.3303 3.76023
TA.F48A.z -82.6185 45.8278 3.7262
TA.453A.z -84.3197 30.8541 3.76549
TA.P57A.z -78.0126 39.4835 3.65764
TA.P47A.z -86.2699 39.4869 3.74704
TA.H65A.z -68.2469 44.6961 3.74905
TA.U53A.z -82.5765 36.3644 3.62878
TA.M61A.z -73.7673 41.3104 3.75109
TA.W48A.z -86.9333 35.1386 3.72706
TA.S52A.z -83.0784 37.6791 3.65577
TA.T46A.z -87.8941 37.0417 3.76685
TA.E47A.z -83.2777 46.4547 3.73841
TA.K43A.z -88.332 42.7044 3.83087
TA.W47A.z -87.5946 35.2511 3.86932
TA.O52A.z -81.8361 40.1158 3.70155
TA.W57A.z -79.9928 35.1529 3.77169
TA.U58A.z -78.5493 36.3944 3.78031
TA.E59A.z -72.5108 46.4803 3.72171
TA.Y49A.z -86.4119 33.8577 3.67419
TA.X52A.z -83.8938 34.6032 3.59592
TA.E61A.z -70.489 46.4312 3.64887
TA.G58A.z -74.054 45.1492 3.70522
TA.L47A.z -85.2021 41.9756 3.76985
TA.S59A.z -77.2942 37.762 3.78539
TA.M50A.z -83.0428 41.4035 3.6956
TA.H53A.z -78.5832 44.5736 3.71524
TA.J62A.z -71.8127 43.2262 3.75888
TA.H43A.z -87.7704 44.4697 3.55643
TA.Q47A.z -86.4261 38.9362 3.66307
TA.Q57A.z -78.4107 39.0353 3.63119
TA.R53A.z -81.9522 38.3307 3.63232
TA.N49A.z -84.1825 40.922 3.70268
TA.G43A.z -87.6861 45.2572 3.78239
TA.D49A.z -81.3562 47.2726 3.78586
TA.S44A.z -89.2551 37.6936 3.72648
TA.O45A.z -87.7244 40.2489 3.81013
TA.957A.z -82.2357 27.6702 3.88608
TA.Z51A.z -85.1747 33.3167 3.77249
TA.F51A.z -79.915 45.9284 3.71743
TA.F45A.z -85.5156 45.6837 3.79685
TA.G65A.z -67.5632 45.2002 3.75822
TA.D63A.z -68.1066 47.037 3.7428
TA.656A.z -82.5348 29.3689 3.74081
TA.554A.z -83.6836 30.0841 3.76239
TA.P44A.z -88.6209 39.4676 3.69762
TA.M47A.z -85.6214 41.3594 3.80002
TA.H66A.z -67.3115 44.7859 3.82647
TA.H58A.z -74.1798 44.4176 3.74521
TA.I43A.z -88.146 43.8844 3.70333
TA.E54A.z -77.1869 46.4339 3.73839
TA.Z56A.z -81.3687 33.3253 3.75336
TA.252A.z -84.7357 31.9962 3.85466
TA.154A.z -83.1066 32.6131 3.70587
TA.K54A.z -78.6908 42.6097 3.68188
TA.J49A.z -83.1389 43.36 3.73237
TA.W50A.z -85.3119 35.2002 3.60236
TA.J57A.z -75.9968 43.4099 3.68357
TA.P53A.z -81.3896 39.4868 3.63032
TA.349A.z -87.1924 31.3504 4.05775
TA.G57A.z -74.9855 45.1036 3.68709
TA.X55A.z -81.6336 34.4701 3.72354
TA.M49A.z -83.9752 41.4745 3.6463
TA.059A.z -81.144 26.9671 3.6858
TA.T54A.z -81.5762 37.0608 3.64835
TA.L44A.z -87.9119 42.1782 3.82617
TA.M55A.z -78.7649 41.4686 3.62279
TA.Y60A.z -78.2163 34.0046 3.83579
TA.249A.z -87.1225 31.9752 3.90111
TA.H56A.z -76.2594 44.593 3.72398
TA.M65A.z -70.6466 41.562 3.84681
TA.059Z.z -81.4432 26.3373 3.6688
TA.Q50A.z -83.979 38.8436 3.62974
TA.I61A.z -72.2087 43.9323 3.74101
TA.S47A.z -86.8779 37.5946 3.67367
TA.N62A.z -73.4677 40.9313 3.76908
TA.J48A.z -83.7849 43.2986 3.66481
TA.U54A.z -81.8204 36.5209 3.6885
TA.S57A.z -78.9536 37.7605 3.669
TA.T53A.z -82.535 36.9823 3.68377
TA.O56A.z -78.5663 40.2683 3.67265
TA.Q48A.z -85.7311 38.9295 3.74953
TA.N56A.z -78.2953 40.9171 3.72345
TA.F42A.z -88.1347 45.7587 3.77017
TA.449A.z -87.2151 30.7596 3.69926
TA.L63A.z -71.6095 41.8631 3.79395
TA.D52A.z -78.4117 46.9764 3.73673
TA.N44A.z -88.1333 40.7953 3.62868
TA.E55A.z -76.0572 46.4538 3.7148
TA.K61A.z -73.2676 42.6695 3.67764
TA.357A.z -81.4855 31.4239 3.88698
TA.J46A.z -85.6466 43.3478 3.78043
TA.S49A.z -85.2875 37.7849 3.74342
TA.X48A.z -87.0452 34.4517 3.80743
TA.Y51A.z -85.064 33.8993 3.75833
TA.W51A.z -84.7599 35.1606 3.61202
TA.N59A.z -75.7703 40.9168 3.69317
TA.254A.z -83.2905 31.9457 3.69124
TA.D59A.z -71.8358 47.0073 3.7333
TA.V54A.z -81.9478 35.7771 3.67902
TA.Q43A.z -89.6991 38.941 3.58007
TA.V46A.z -88.1177 35.8007 3.95439
TA.W60A.z -77.7133 35.0528 3.71368
TA.R57A.z -78.5232 38.297 3.67918
TA.858A.z -81.3616 28.2126 3.83674
TA.Z55A.z -82.1359 33.2211 3.81547
TA.K59A.z -74.8525 42.775 3.68813
TA.Y53A.z -83.5836 33.8554 3.6916
TA.F64A.z -68.3496 45.8633 3.70841
TA.U48A.z -86.5402 36.5107 3.73143
TA.O58A.z -76.9228 40.1231 3.70574
TA.T50A.z -84.8384 37.0204 3.64345
TA.J52A.z -80.4764 43.2407 3.7934
TA.452A.z -85.183 30.8492 3.94474
TA.555A.z -82.9666 30.1212 3.63476
TA.O61A.z -74.553 40.0934 3.85427
TA.P56A.z -78.8386 39.5044 3.61322
TA.Q61A.z -75.3256 38.8799 3.71372
TA.E42A.z -87.914 46.4301 3.98549
TA.R59A.z -77.1164 38.2005 3.77622
TA.256A.z -81.8878 31.9799 3.71494
TA.158A.z -80.1935 32.7364 3.80316
TA.K46A.z -85.7834 42.6864 3.79325
TA.K50A.z -82.6231 42.7749 3.6945
TA.W54A.z -82.1859 35.0857 3.74694
TA.S60A.z -76.6535 37.7055 3.73671
TA.L64A.z -70.8391 41.9359 3.77108
TA.L56A.z -77.5591 42.1365 3.66524
TA.E56A.z -75.0341 46.5436 3.71143
TA.M51A.z -82.1831 41.3321 3.68763
TA.E60A.z -71.4469 46.3689 3.66673
TA.X51A.z -84.8574 34.5658 3.73625
TA.I49A.z -82.8246 43.94 3.76793
TA.H52A.z -79.8888 44.6422 3.79543
TA.Y52A.z -84.0626 33.864 3.70526
TA.J63A.z -71.0781 43.2792 3.7906
TA.R52A.z -82.6443 38.3366 3.64608
TA.G42A.z -88.4277 45.2418 3.95012
TA.Q54A.z -80.8338 38.9836 3.6126
TA.G54A.z -78.0898 45.3979 3.71339
TA.R48A.z -85.8714 38.4001 3.88345
TA.V60A.z -77.2629 35.765 3.76756
TA.N52A.z -81.6876 40.8125 3.65594
TA.F46A.z -84.7586 45.7737 3.69271
TA.G60A.z -72.3337 45.0977 3.68326
TA.757A.z -82.0685 28.9413 3.70308
TA.V59A.z -78.2394 35.7649 3.78506
TA.D56A.z -74.7568 47.0485 3.72266
TA.655A.z -83.2552 29.5107 3.77408
TA.G47A.z -83.8551 45.173 3.70914
TA.E51A.z -79.4924 46.5333 3.74553
TA.P49A.z -84.7164 39.5342 3.74582
TA.X60A.z -77.9768 34.5773 3.83633
TA.353A.z -84.2172 31.3474 3.70366
TA.J42A.z -89.1234 43.3179 3.77731
TA.M42A.z -89.7581 41.4546 3.63553
TA.Y55A.z -81.8581 33.9375 3.75766
TA.959A.z -80.8791 27.524 3.73117
TA.H63A.z -70.0353 44.6616 3.70502
TA.M58A.z -76.4603 41.3721 3.71253
TA.I46A.z -85.4472 43.9411 3.72518
TA.V50A.z -85.1 35.6713 3.62018
TA.N55A.z -78.9862 40.7808 3.66993
TA.060A.z -80.3618 27.0361 3.75542
TA.E41A.z -88.9636 46.4643 3.92589
TA.155A.z -82.4665 32.6219 3.68216
TA.F60A.z -71.9514 45.9688 3.70176
TA.R46A.z -87.5114 38.2124 3.72588
TA.K49A.z -83.4556 42.7835 3.66148
TA.060Z.z -80.556 26.4062 3.78881
TA.Z59A.z -79.278 33.2414 3.78776
TA.K55A.z -78.0696 42.7278 3.65572
TA.J56A.z -76.8579 43.276 3.70057
TA.F59A.z -72.7833 45.8513 3.72016
TA.456A.z -82.0223 30.7248 3.83065
TA.T49A.z -85.5334 37.105 3.733
TA.G45A.z -85.6571 45.0404 3.85263
TA.P52A.z -82.1325 39.6337 3.64351
TA.S53A.z -82.1264 37.6815 3.63855
TA.T57A.z -79.2538 36.9983 3.74394
TA.X46A.z -88.5844 34.5564 3.98416
TA.M56A.z -78.1826 41.4837 3.63927
TA.T47A.z -87.1055 36.9881 3.59146
TA.151A.z -85.3267 32.5269 3.89577
TA.M60A.z -74.625 41.3265 3.6604
TA.251A.z -85.409 32.0929 3.75861
TA.E46A.z -84.3062 46.3665 3.79413
TA.E62A.z -69.5227 46.6201 3.67276
TA.H45A.z -86.044 44.6232 3.83342
TA.I64A.z -69.6347 43.9197 3.75028
TA.K42A.z -89.3457 42.7792 3.86276
TA.W46A.z -88.3783 35.1333 4.22765
TA.O43A.z -89.313 40.2856 3.71876
TA.U59A.z -77.7925 36.3526 3.7816
TA.I59A.z -73.8744 43.7957 3.73622
TA.255A.z -82.4758 31.9263 3.75793
TA.S54A.z -81.3114 37.7997 3.62661
TA.U61A.z -76.4464 36.3319 3.76214
TA.W58A.z -79.2333 35.0208 3.7797
TA.N51A.z -82.3748 40.9183 3.69865
TA.F43A.z -87.1694 45.8313 4.2384
TA.N45A.z -87.5118 40.8479 3.66726
TA.D51A.z -79.3733 47.0904 3.82628
TA.E52A.z -78.6569 46.2851 3.76883
TA.L60A.z -74.2226 41.989 3.69318
TA.S48A.z -86.0569 37.6574 3.60855
TA.350A.z -86.3353 31.4207 4.17108
TA.K60A.z -73.8886 42.6168 3.67127
TA.J47A.z -84.8214 43.2382 3.71712
TA.Y56A.z -81.3047 33.7922 3.74751
TA.X49A.z -86.326 34.5126 3.81079
TA.N58A.z -76.7158 40.8396 3.70539
TA.I45A.z -86.2348 44.0361 3.81696
TA.H48A.z -83.3249 44.7006 3.7254
TA.V57A.z -79.7758 35.8875 3.73368
TA.I51A.z -81.0231 43.8036 3.72991
TA.L57A.z -76.8492 42.0005 3.63666
TA.R56A.z -79.4031 38.4071 3.66469
TA.O53A.z -81.2129 40.2493 3.64542
TA.G46A.z -84.8621 45.3176 3.74807
TA.Q58A.z -77.682 38.9413 3.74278
TA.D58A.z -72.8826 47.0954 3.74468
TA.152A.z -84.7188 32.6686 3.70522
TA.Z50A.z -85.9226 33.254 3.73073
TA.G64A.z -68.7558 45.2527 3.72234
TA.F49A.z -82.0423 45.7627 3.73148
TA.556A.z -82.4057 30.0015 3.64145
TA.D60A.z -70.9237 46.9139 3.69685
TA.P59A.z -76.4327 39.6101 3.77515
TA.P45A.z -87.7439 39.5277 3.55604
TA.I42A.z -88.9134 43.8908 3.77853
TA.U55A.z -81.0472 36.5023 3.61026
TA.M63A.z -72.0464 41.4038 3.79111
TA.R58B.z -77.8787 37.9636 3.76775
TA.R58A.z -78.0034 38.2989 3.69848
TA.K51A.z -81.5082 42.7223 3.71444
TA.T59A.z -77.5541 36.9716 3.75574
TA.O50A.z -83.6199 40.1468 3.70286
TA.U50A.z -84.8431 36.4156 3.69047
TA.058A.z -81.8049 27.0569 3.87964
TA.M48A.z -84.7171 41.4846 3.71318
TA.M52A.z -81.357 41.5405 3.63177
TA.X54A.z -82.3743 34.5474 3.74767
TA.E63A.z -68.422 46.422 3.74201
TA.M64A.z -71.2102 41.5509 3.81963
TA.H55A.z -77.183 44.5505 3.70503
TA.J60A.z -73.4212 43.2438 3.71223
TA.I60A.z -73.2916 43.844 3.7033
TA.W49A.z -86.2645 35.1194 3.70684
TA.Q45A.z -88.1565 38.8948 3.6562
TA.Q51A.z -83.3456 39.026 3.62465
TA.R51A.z -83.5834 38.3001 3.63329
TA.N63A.z -72.5206 40.9878 3.87671
TA.O47A.z -86.1742 40.2361 3.67868
TA.S46A.z -87.7153 37.6849 3.66517
TA.O57A.z -77.6354 40.2104 3.68213
TA.S50A.z -84.4003 37.679 3.80705
TA.T52A.z -82.9852 37.1076 3.662
TA.V61A.z -76.5776 35.7912 3.71831
TA.F57A.z -74.6928 45.8122 3.71423
TA.G63A.z -69.6186 45.1147 3.70037
TA.E64A.z -67.8285 46.4184 3.70865
TA.V58A.z -79.115 35.794 3.74238
TA.758A.z -81.1996 28.9621 4.09766
TA.D55A.z -75.4732 47.019 3.75871
TA.M45A.z -87.2504 41.3881 3.7287
TA.J43A.z -88.4185 43.3808 3.7027
TA.M59A.z -75.4321 41.5413 3.7012
TA.H60A.z -72.6986 44.5606 3.70535
TA.X59A.z -78.6023 34.572 3.71729
TA.I41A.z -89.8697 44.0592 3.54148
TA.I55A.z -77.6817 44.2161 3.74775
TA.F62A.z -69.9664 45.8968 3.68045
TA.N54A.z -79.9892 40.9617 3.62352
TA.156A.z -81.495 32.6542 3.71558
TA.Z54A.z -82.8417 33.2362 3.72971
TA.250A.z -86.2677 31.9778 3.76936
TA.O59A.z -76.1859 40.3114 3.66575
TA.J55A.z -77.8167 43.2657 3.70515
TA.451A.z -85.7467 30.616 3.89858
TA.552A.z -85.2938 30.1327 3.71557
TA.O60A.z -75.405 40.3177 3.68623
TA.G53A.z -78.6237 45.1222 3.74262
TA.P55A.z -79.8265 39.5078 3.65126
TA.Q60A.z -75.8429 39.0016 3.7318
