TA.T56A.z -80.0311 37.0288 4.02112
TA.Y58A.z -79.6665 33.9057 4.07514
TA.X57A.z -80.094 34.4643 4.06626
TA.M57A.z -77.128 41.3372 4.08968
TA.U51A.z -84.0165 36.3786 4.05551
TA.X47A.z -87.8571 34.5178 4.09792
TA.TIGA.z -83.5898 31.4389 4.1089
TA.F63A.z -69.1029 45.703 3.99991
TA.H46A.z -85.2034 44.5397 4.08358
TA.I63A.z -70.5809 44.0505 3.92481
TA.149A.z -86.7916 32.5983 4.1649
TA.Q52A.z -82.2669 38.9622 4.08065
TA.N60A.z -75.1 40.8704 4.05051
TA.O54A.z -80.3778 40.1821 4.01746
TA.S55A.z -80.5013 37.7724 3.97905
TA.U56A.z -80.3829 36.3472 4.06772
TA.W59A.z -78.443 35.1673 4.04336
TA.V53A.z -82.8124 35.6694 4.00804
TA.L65A.z -70.0528 42.0295 4.03401
TA.E57A.z -74.1471 46.4117 4.07951
TA.X50B.z -85.6499 34.4611 4.15104
TA.355A.z -82.8518 31.3438 4.00338
TA.L55A.z -78.4368 42.1831 4.02443
TA.I48A.z -83.7022 44.1873 4.04863
TA.G46A.z -84.8621 45.3176 4.0505
TA.L49A.z -83.7672 42.1088 4.06293
TA.P60A.z -75.6358 39.8113 4.12279
TA.I52A.z -80.177 44.068 4.00084
TA.Q55A.z -80.0812 38.9952 3.99402
TA.R55A.z -80.1195 38.2825 3.94663
TA.R49A.z -85.1714 38.2916 4.06009
TA.G55A.z -76.7187 45.2532 4.03943
TA.U46A.z -88.1773 36.359 4.33869
TA.Z53A.z -83.5713 33.2801 4.06895
TA.153A.z -83.8316 32.6499 4.04034
TA.R60A.z -76.5807 38.2684 4.06734
TA.D61A.z -70.1868 47.2022 4.08143
TA.557A.z -81.7291 30.016 3.98948
TA.P58A.z -77.3005 39.4891 4.02772
TA.P46A.z -87.2067 39.6178 3.93885
TA.H64A.z -69.2203 44.6412 3.99416
TA.U60A.z -77.1596 36.4718 4.04843
TA.Y59A.z -78.8737 33.9897 4.01486
TA.K48A.z -84.1197 42.8032 4.01653
TA.F61A.z -70.9921 45.9743 3.9959
TA.O49A.z -84.3353 40.188 4.08062
TA.R47A.z -86.527 38.2957 3.96368
TA.061Z.z -80.907 25.8657 4.06022
TA.K56A.z -77.3244 42.6981 4.00749
TA.Z58A.z -79.8129 33.3349 3.94624
TA.F58A.z -73.8145 45.8663 4.12393
TA.W52A.z -83.9277 35.0935 3.98979
TA.J59A.z -74.5041 43.4647 4.03515
TA.455A.z -83.026 30.7422 3.89858
TA.P51A.z -83.0601 39.4818 4.02173
TA.Q59A.z -76.6548 38.8644 4.0462
TA.E58A.z -73.2771 46.3721 4.12356
TA.X53A.z -83.3013 34.5031 4.01361
TA.M53A.z -80.675 41.4393 4.03848
TA.L50A.z -82.8095 42.043 4.07902
TA.G59A.z -73.1809 45.0807 4.0235
TA.T60A.z -76.7349 37.1397 4.06397
TA.S58A.z -78.0511 37.6126 3.99619
TA.L46A.z -86.2955 42.0127 4.05402
TA.J61A.z -72.5535 43.3462 3.88165
TA.N48A.z -85.0271 40.8591 4.09064
TA.Q56A.z -79.1871 39.041 3.99505
TA.R50A.z -84.3274 38.2816 4.08317
TA.D48A.z -81.8072 47.1743 4.07218
TA.S51A.z -83.5935 37.6392 4.09039
TA.T51A.z -83.9454 36.9655 4.11085
TA.Y48A.z -87.1696 33.9131 4.09893
TA.N50A.z -83.1486 40.7711 4.008
TA.L61A.z -73.5543 42.1934 4.0207
TA.E53A.z -77.6638 46.3784 4.12404
TA.L61B.z -72.6802 42.4498 4.00129
TA.D50A.z -79.8412 47.1668 4.00547
TA.351A.z -85.6036 31.2753 3.97444
TA.L59A.z -75.0426 42.1902 4.01633
TA.D46A.z -84.0357 46.891 4.01928
TA.Y57A.z -80.3915 34.017 4.04211
TA.K63A.z -71.5283 42.6888 4.01184
TA.V56A.z -80.4963 35.8097 4.04469
TA.157A.z -80.9972 32.678 4.04486
TA.253A.z -84.1294 32.0612 4.07706
TA.Z57A.z -80.7039 33.297 4.02857
TA.J54A.z -78.6392 43.2728 4.04248
TA.062Z.z -81.0523 24.7266 4.04785
TA.553A.z -84.4317 30.189 4.01521
TA.450A.z -86.5863 30.8038 4.06255
TA.Y52A.z -84.0626 33.864 4.11133
TA.P54A.z -80.4796 39.602 4.04888
TA.Z49A.z -86.5311 33.1942 4.29679
TA.U52A.z -83.3671 36.3929 3.98269
TA.T45A.z -88.6447 37.0196 4.19777
TA.V49A.z -85.903 35.7663 4.02537
TA.M62A.z -72.8939 41.4423 4.09355
TA.E44A.z -85.9214 46.6199 4.16601
TA.T58A.z -78.5338 36.9454 4.05418
TA.O51A.z -82.6056 40.147 4.01886
TA.K52A.z -80.7139 42.7805 4.06301
TA.W56A.z -80.5828 35.135 4.05259
TA.V52A.z -83.5959 35.8417 4.0056
TA.Q49A.z -84.8956 39.005 4.06555
TA.N47A.z -85.6942 40.8801 4.07334
TA.L62A.z -72.6617 42.0328 4.02616
TA.E54A.z -77.1869 46.4339 4.12127
TA.D53A.z -77.7001 47.0795 4.08749
TA.L54A.z -79.3162 42.2345 4.0261
TA.356A.z -82.1275 31.3247 3.98122
TA.Y50A.z -85.7347 33.8911 4.09427
TA.P61A.z -74.7919 39.6734 4.03005
TA.I53A.z -79.5912 43.8238 4.10041
TA.R54A.z -80.9904 38.1809 4.00793
TA.V55A.z -81.2149 35.8518 4.06044
TA.W61A.z -76.9909 35.1773 4.06639
TA.457A.z -81.5563 30.6199 4.05086
TA.V62A.z -75.957 35.5612 4.03669
TA.D62A.z -69.0501 47.0819 4.01446
TA.657A.z -81.8665 29.5852 3.67974
TA.G62A.z -70.5319 45.2186 3.99626
TA.F44A.z -86.4226 45.9737 4.00412
TA.D54A.z -76.657 47.152 4.04037
TA.T48A.z -86.3943 37.1094 3.88636
TA.X58A.z -79.3388 34.5548 4.08882
TA.H61A.z -71.9271 44.5339 3.95689
TA.N57A.z -77.5509 40.7556 4.11141
TA.H59A.z -73.6905 44.6455 3.98778
TA.O48A.z -85.1553 40.2571 4.06506
TA.K47A.z -84.9993 42.6704 4.07445
TA.257A.z -81.0261 31.9746 4.01353
TA.K57A.z -76.5163 42.7313 4.04775
TA.454A.z -83.6302 30.7145 3.98405
TA.W53A.z -83.163 35.1696 3.98888
TA.J58A.z -75.2852 43.3603 4.02722
TA.658A.z -81.2578 29.422 3.8428
TA.P50A.z -83.7988 39.6086 4.06805
TA.M54A.z -79.6647 41.5079 4.03176
TA.L53A.z -80.2598 41.9539 4.04723
TA.X56A.z -81.0319 34.4923 4.0584
TA.M66A.z -70.1353 41.259 4.17796
TA.L43A.z -88.7423 42.1833 3.94568
TA.T55A.z -80.7843 37.117 3.99824
TA.I58A.z -74.9733 43.6901 4.02926
TA.H57A.z -75.3905 44.4624 4.04199
TA.L58A.z -75.8502 42.0447 4.06567
TA.I62A.z -71.3359 43.8743 3.94105
TA.H47A.z -84.2062 44.5994 4.0828
TA.E48A.z -82.1653 46.4809 4.06572
TA.148A.z -87.571 32.6469 4.25402
TA.Q53A.z -81.5251 38.8586 4.10415
TA.S61A.z -75.6727 37.6804 4.09145
TA.N61A.z -74.2969 40.7519 4.04343
TA.O55A.z -79.3041 40.2076 4.0536
TA.S56A.z -79.5662 37.6771 3.96737
TA.U57A.z -79.3364 36.4319 4.05799
TA.F55A.z -76.351 45.8338 4.04514
TA.G61A.z -71.5273 45.2827 3.99662
TA.N53A.z -80.8377 40.8065 4.07293
TA.D57A.z -73.8878 47.0172 4.05009
TA.D47A.z -83.1038 47.0558 4.04348
TA.P48A.z -85.4258 39.4605 4.08481
TA.M43A.z -88.9581 41.4365 4.49883
TA.E50A.z -80.7378 46.4232 4.10919
TA.K62A.z -72.2345 42.6651 3.98189
TA.958A.z -81.7543 27.5855 3.8252
TA.J45A.z -86.3889 43.4354 4.08048
TA.857A.z -82.2291 28.267 4.08174
TA.352A.z -84.9274 31.4793 4.01525
TA.I47A.z -84.5096 44.0193 4.01416
TA.H62A.z -71.1559 44.5743 3.93538
TA.Y54A.z -82.688 33.8621 4.01792
TA.I57A.z -75.6599 43.9377 4.02618
TA.V51A.z -84.3511 35.8033 3.99873
TA.KMSC.z -81.3333 35.142 4.04787
TA.150A.z -86.022 32.6067 4.14104
TA.K58A.z -75.6473 42.7633 4.0419
TA.Z52A.z -84.4176 33.1893 4.02068
TA.U49A.z -85.7796 36.5129 4.01976
TA.859A.z -80.8984 28.0592 4.0707
TA.F52A.z -79.3227 45.7951 4.0511
TA.R61A.z -75.339 38.3303 3.9957
TA.F48A.z -82.6185 45.8278 4.07757
TA.453A.z -84.3197 30.8541 4.0092
TA.P57A.z -78.0126 39.4835 4.04139
TA.H65A.z -68.2469 44.6961 4.00717
TA.U53A.z -82.5765 36.3644 4.09005
TA.M61A.z -73.7673 41.3104 4.00028
TA.T50A.z -84.8384 37.0204 4.09501
TA.S52A.z -83.0784 37.6791 4.10905
TA.T46A.z -87.8941 37.0417 4.11064
TA.E47A.z -83.2777 46.4547 4.09264
TA.K43A.z -88.332 42.7044 3.77554
TA.W47A.z -87.5946 35.2511 4.08167
TA.O52A.z -81.8361 40.1158 4.05937
TA.W57A.z -79.9928 35.1529 4.06768
TA.U58A.z -78.5493 36.3944 4.03967
TA.E59A.z -72.5108 46.4803 4.1249
TA.L57A.z -76.8492 42.0005 4.08052
TA.X52A.z -83.8938 34.6032 4.02975
TA.E61A.z -70.489 46.4312 4.02863
TA.G58A.z -74.054 45.1492 4.05202
TA.L47A.z -85.2021 41.9756 4.11548
TA.S59A.z -77.2942 37.762 4.07126
TA.M50A.z -83.0428 41.4035 4.06626
TA.H53A.z -78.5832 44.5736 4.06561
TA.J62A.z -71.8127 43.2262 3.97236
TA.Q47A.z -86.4261 38.9362 3.58428
TA.Q57A.z -78.4107 39.0353 3.98438
TA.R53A.z -81.9522 38.3307 4.07575
TA.N49A.z -84.1825 40.922 3.98201
TA.G43A.z -87.6861 45.2572 4.0348
TA.D49A.z -81.3562 47.2726 4.02869
TA.S44A.z -89.2551 37.6936 3.92435
TA.O45A.z -87.7244 40.2489 3.56504
TA.957A.z -82.2357 27.6702 3.78651
TA.Z51A.z -85.1747 33.3167 4.00272
TA.F51A.z -79.915 45.9284 4.06264
TA.F45A.z -85.5156 45.6837 4.03771
TA.G65A.z -67.5632 45.2002 3.98691
TA.D63A.z -68.1066 47.037 4.01113
TA.SFIN.z -87.0967 40.379 4.09207
TA.656A.z -82.5348 29.3689 3.92585
TA.554A.z -83.6836 30.0841 4.06143
TA.P44A.z -88.6209 39.4676 3.7968
TA.M47A.z -85.6214 41.3594 4.11933
TA.H66A.z -67.3115 44.7859 3.99298
TA.H58A.z -74.1798 44.4176 4.05489
TA.V48A.z -86.8219 35.74 3.89987
TA.Z56A.z -81.3687 33.3253 4.06013
TA.252A.z -84.7357 31.9962 4.0315
TA.154A.z -83.1066 32.6131 4.09166
TA.K54A.z -78.6908 42.6097 4.06572
TA.J49A.z -83.1389 43.36 4.06512
TA.W50A.z -85.3119 35.2002 4.01685
TA.J57A.z -75.9968 43.4099 4.04694
TA.P53A.z -81.3896 39.4868 4.11062
TA.P43A.z -89.5213 39.6409 3.66603
TA.349A.z -87.1924 31.3504 3.80484
TA.G57A.z -74.9855 45.1036 4.02364
TA.X55A.z -81.6336 34.4701 4.03838
TA.M49A.z -83.9752 41.4745 4.06878
TA.059A.z -81.144 26.9671 3.96172
TA.T54A.z -81.5762 37.0608 4.07146
TA.L44A.z -87.9119 42.1782 4.06658
TA.M55A.z -78.7649 41.4686 4.02288
TA.Y60A.z -78.2163 34.0046 4.07992
TA.249A.z -87.1225 31.9752 4.09572
TA.H56A.z -76.2594 44.593 4.0141
TA.M65A.z -70.6466 41.562 4.09037
TA.I59A.z -73.8744 43.7957 4.01188
TA.Q50A.z -83.979 38.8436 4.12707
TA.I61A.z -72.2087 43.9323 3.8946
TA.S47A.z -86.8779 37.5946 4.06572
TA.N62A.z -73.4677 40.9313 4.11184
TA.J48A.z -83.7849 43.2986 4.0144
TA.U54A.z -81.8204 36.5209 4.04662
TA.S57A.z -78.9536 37.7605 3.95719
TA.T53A.z -82.535 36.9823 4.04609
TA.O56A.z -78.5663 40.2683 4.04132
TA.Q48A.z -85.7311 38.9295 4.04596
TA.N56A.z -78.2953 40.9171 4.09988
TA.F42A.z -88.1347 45.7587 4.42151
TA.449A.z -87.2151 30.7596 3.88072
TA.L63A.z -71.6095 41.8631 4.00373
TA.D52A.z -78.4117 46.9764 4.1062
TA.E55A.z -76.0572 46.4538 4.02835
TA.K61A.z -73.2676 42.6695 3.96185
TA.357A.z -81.4855 31.4239 4.02302
TA.J46A.z -85.6466 43.3478 4.04832
TA.S49A.z -85.2875 37.7849 4.015
TA.X48A.z -87.0452 34.4517 4.01633
TA.Y51A.z -85.064 33.8993 4.04237
TA.T49A.z -85.5334 37.105 4.06053
TA.N59A.z -75.7703 40.9168 4.08909
TA.254A.z -83.2905 31.9457 4.05084
TA.D59A.z -71.8358 47.0073 4.06675
TA.V54A.z -81.9478 35.7771 4.03702
TA.Q43A.z -89.6991 38.941 4.07737
TA.V46A.z -88.1177 35.8007 4.16582
TA.W60A.z -77.7133 35.0528 4.05579
TA.R57A.z -78.5232 38.297 3.95886
TA.858A.z -81.3616 28.2126 3.97742
TA.Z55A.z -82.1359 33.2211 4.03085
TA.K59A.z -74.8525 42.775 3.99215
TA.Y53A.z -83.5836 33.8554 4.03406
TA.F64A.z -68.3496 45.8633 4.02342
TA.U48A.z -86.5402 36.5107 3.89411
TA.O58A.z -76.9228 40.1231 4.07176
TA.W48A.z -86.9333 35.1386 4.11712
TA.J52A.z -80.4764 43.2407 4.06288
TA.452A.z -85.183 30.8492 3.8385
TA.F49A.z -82.0423 45.7627 4.14664
TA.O61A.z -74.553 40.0934 4.08303
TA.P56A.z -78.8386 39.5044 4.03861
TA.Q61A.z -75.3256 38.8799 4.03102
TA.R59A.z -77.1164 38.2005 4.01479
TA.256A.z -81.8878 31.9799 4.01873
TA.158A.z -80.1935 32.7364 4.01918
TA.R45A.z -88.2812 38.2926 3.79209
TA.K46A.z -85.7834 42.6864 4.05888
TA.L42A.z -89.667 42.004 3.86453
TA.K50A.z -82.6231 42.7749 4.10834
TA.W54A.z -82.1859 35.0857 4.05165
TA.S60A.z -76.6535 37.7055 4.01648
TA.L64A.z -70.8391 41.9359 3.98917
TA.L56A.z -77.5591 42.1365 4.06372
TA.E56A.z -75.0341 46.5436 4.08638
TA.M51A.z -82.1831 41.3321 4.00019
TA.E60A.z -71.4469 46.3689 4.0043
TA.X51A.z -84.8574 34.5658 4.02599
TA.I49A.z -82.8246 43.94 4.06787
TA.H52A.z -79.8888 44.6422 4.07216
TA.L48A.z -84.4329 41.9438 4.10088
TA.J63A.z -71.0781 43.2792 3.9617
TA.Q46A.z -87.3575 39.0231 4.07591
TA.R52A.z -82.6443 38.3366 4.09066
TA.Q54A.z -80.8338 38.9836 4.06139
TA.O44A.z -88.4671 40.1526 4.44409
TA.G54A.z -78.0898 45.3979 4.06776
TA.R48A.z -85.8714 38.4001 4.05132
TA.V60A.z -77.2629 35.765 4.04609
TA.N52A.z -81.6876 40.8125 4.05196
TA.F46A.z -84.7586 45.7737 3.786
TA.G60A.z -72.3337 45.0977 3.99244
TA.757A.z -82.0685 28.9413 4.139
TA.V59A.z -78.2394 35.7649 4.07409
TA.D56A.z -74.7568 47.0485 4.12547
TA.655A.z -83.2552 29.5107 4.2492
TA.G47A.z -83.8551 45.173 4.06538
TA.E51A.z -79.4924 46.5333 4.08599
TA.P49A.z -84.7164 39.5342 4.10706
TA.X60A.z -77.9768 34.5773 4.06286
TA.353A.z -84.2172 31.3474 4.0001
TA.Y55A.z -81.8581 33.9375 4.06574
TA.959A.z -80.8791 27.524 3.96771
TA.H63A.z -70.0353 44.6616 3.96713
TA.M58A.z -76.4603 41.3721 4.09348
TA.059Z.z -81.4432 26.3373 4.06316
TA.I46A.z -85.4472 43.9411 4.07238
TA.V50A.z -85.1 35.6713 3.97811
TA.N55A.z -78.9862 40.7808 4.0044
TA.060A.z -80.3618 27.0361 4.04938
TA.E41A.z -88.9636 46.4643 4.31662
TA.155A.z -82.4665 32.6219 4.08729
TA.F60A.z -71.9514 45.9688 4.03646
TA.K49A.z -83.4556 42.7835 4.02513
TA.060Z.z -80.556 26.4062 3.95653
TA.Z59A.z -79.278 33.2414 3.9865
TA.K55A.z -78.0696 42.7278 4.04496
TA.J56A.z -76.8579 43.276 4.03056
TA.F59A.z -72.7833 45.8513 4.04886
TA.456A.z -82.0223 30.7248 3.97735
TA.W51A.z -84.7599 35.1606 3.9773
TA.G45A.z -85.6571 45.0404 4.00805
TA.P52A.z -82.1325 39.6337 4.06867
TA.S53A.z -82.1264 37.6815 4.02633
TA.T57A.z -79.2538 36.9983 3.96375
TA.X46A.z -88.5844 34.5564 4.00141
TA.M56A.z -78.1826 41.4837 4.03963
TA.T47A.z -87.1055 36.9881 4.10339
TA.151A.z -85.3267 32.5269 4.03797
TA.M60A.z -74.625 41.3265 4.02394
TA.251A.z -85.409 32.0929 4.04353
TA.E46A.z -84.3062 46.3665 4.07193
TA.E62A.z -69.5227 46.6201 4.07216
TA.H45A.z -86.044 44.6232 4.06729
TA.I64A.z -69.6347 43.9197 4.02139
TA.K42A.z -89.3457 42.7792 3.74703
TA.W46A.z -88.3783 35.1333 4.24053
TA.O43A.z -89.313 40.2856 4.25845
TA.U59A.z -77.7925 36.3526 4.06755
TA.255A.z -82.4758 31.9263 4.12582
TA.S54A.z -81.3114 37.7997 4.02728
TA.U61A.z -76.4464 36.3319 3.99543
TA.W58A.z -79.2333 35.0208 4.05724
TA.N51A.z -82.3748 40.9183 4.04067
TA.F43A.z -87.1694 45.8313 3.50667
TA.N45A.z -87.5118 40.8479 4.4772
TA.D51A.z -79.3733 47.0904 4.13121
TA.E52A.z -78.6569 46.2851 4.07501
TA.L60A.z -74.2226 41.989 4.0207
TA.S48A.z -86.0569 37.6574 3.77119
TA.350A.z -86.3353 31.4207 3.71096
TA.K60A.z -73.8886 42.6168 3.99434
TA.J47A.z -84.8214 43.2382 4.05397
TA.Y56A.z -81.3047 33.7922 4.03788
TA.X49A.z -86.326 34.5126 4.1301
TA.N58A.z -76.7158 40.8396 4.05466
TA.I45A.z -86.2348 44.0361 4.05242
TA.H48A.z -83.3249 44.7006 4.02897
TA.V57A.z -79.7758 35.8875 4.07018
TA.I51A.z -81.0231 43.8036 4.03461
TA.Y49A.z -86.4119 33.8577 4.14578
TA.R56A.z -79.4031 38.4071 3.93158
TA.O53A.z -81.2129 40.2493 4.04347
TA.V47A.z -87.5205 35.8278 3.95009
TA.Q58A.z -77.682 38.9413 3.99592
TA.D58A.z -72.8826 47.0954 4.07607
TA.152A.z -84.7188 32.6686 4.03327
TA.Z50A.z -85.9226 33.254 4.1028
TA.U47A.z -87.2892 36.4413 3.92983
TA.G64A.z -68.7558 45.2527 3.99589
TA.555A.z -82.9666 30.1212 4.07185
TA.556A.z -82.4057 30.0015 3.97121
TA.D60A.z -70.9237 46.9139 4.02419
TA.P59A.z -76.4327 39.6101 4.06225
TA.P45A.z -87.7439 39.5277 4.4133
TA.U55A.z -81.0472 36.5023 4.05509
TA.M63A.z -72.0464 41.4038 4.01215
TA.R58B.z -77.8787 37.9636 4.05311
TA.R58A.z -78.0034 38.2989 3.98927
TA.K51A.z -81.5082 42.7223 4.02232
TA.T59A.z -77.5541 36.9716 4.02178
TA.O50A.z -83.6199 40.1468 3.96671
TA.U50A.z -84.8431 36.4156 4.02355
TA.058A.z -81.8049 27.0569 3.97236
TA.M48A.z -84.7171 41.4846 4.06573
TA.M52A.z -81.357 41.5405 4.07081
TA.X54A.z -82.3743 34.5474 4.01298
TA.E63A.z -68.422 46.422 4.02887
TA.M64A.z -71.2102 41.5509 4.04705
TA.H55A.z -77.183 44.5505 4.07622
TA.H41A.z -89.6534 44.6164 4.04776
TA.J60A.z -73.4212 43.2438 3.9189
TA.I60A.z -73.2916 43.844 3.98294
TA.W49A.z -86.2645 35.1194 4.01344
TA.Q45A.z -88.1565 38.8948 3.96303
TA.Q51A.z -83.3456 39.026 4.06065
TA.R51A.z -83.5834 38.3001 4.132
TA.N63A.z -72.5206 40.9878 4.01932
TA.S46A.z -87.7153 37.6849 4.10958
TA.O57A.z -77.6354 40.2104 4.08332
TA.S50A.z -84.4003 37.679 4
TA.T52A.z -82.9852 37.1076 4.05586
TA.V61A.z -76.5776 35.7912 3.99936
TA.F57A.z -74.6928 45.8122 4.02433
TA.G63A.z -69.6186 45.1147 3.99874
TA.E64A.z -67.8285 46.4184 3.93861
TA.V58A.z -79.115 35.794 4.0465
TA.758A.z -81.1996 28.9621 4.03074
TA.D55A.z -75.4732 47.019 4.11292
TA.J43A.z -88.4185 43.3808 4.01378
TA.M59A.z -75.4321 41.5413 4.03495
TA.H60A.z -72.6986 44.5606 3.91744
TA.X59A.z -78.6023 34.572 4.05171
TA.I41A.z -89.8697 44.0592 3.87956
TA.I55A.z -77.6817 44.2161 4.07166
TA.F62A.z -69.9664 45.8968 4.02835
TA.N54A.z -79.9892 40.9617 4.01609
TA.156A.z -81.495 32.6542 4.06116
TA.Z54A.z -82.8417 33.2362 4.1203
TA.250A.z -86.2677 31.9778 3.85723
TA.O59A.z -76.1859 40.3114 4.05101
TA.J55A.z -77.8167 43.2657 4.03702
TA.451A.z -85.7467 30.616 3.96303
TA.552A.z -85.2938 30.1327 3.76238
TA.O60A.z -75.405 40.3177 4.08948
TA.G53A.z -78.6237 45.1222 4.06627
TA.P55A.z -79.8265 39.5078 4.03243
TA.Q60A.z -75.8429 39.0016 4.0341
