TA.T56A.z -80.0311 37.0288 4.16875
TA.Y58A.z -79.6665 33.9057 4.12705
TA.X57A.z -80.094 34.4643 4.29039
TA.M57A.z -77.128 41.3372 4.06338
TA.U51A.z -84.0165 36.3786 4.30913
TA.X47A.z -87.8571 34.5178 4.19658
TA.TIGA.z -83.5898 31.4389 4.16148
TA.256A.z -81.8878 31.9799 4.15551
TA.H46A.z -85.2034 44.5397 4.03611
TA.I63A.z -70.5809 44.0505 4.08405
TA.149A.z -86.7916 32.5983 4.45198
TA.Q52A.z -82.2669 38.9622 4.10817
TA.N60A.z -75.1 40.8704 4.15584
TA.O54A.z -80.3778 40.1821 4.19826
TA.S55A.z -80.5013 37.7724 4.09478
TA.U56A.z -80.3829 36.3472 4.17846
TA.W59A.z -78.443 35.1673 3.97071
TA.N46A.z -86.7352 40.8949 4.38406
TA.V53A.z -82.8124 35.6694 4.14516
TA.L65A.z -70.0528 42.0295 4.10952
TA.E57A.z -74.1471 46.4117 4.09639
TA.X50B.z -85.6499 34.4611 4.31607
TA.355A.z -82.8518 31.3438 4.07816
TA.L55A.z -78.4368 42.1831 4.16523
TA.I48A.z -83.7022 44.1873 4.10185
TA.V47A.z -87.5205 35.8278 4.22099
TA.L49A.z -83.7672 42.1088 4.18678
TA.P60A.z -75.6358 39.8113 4.08687
TA.I52A.z -80.177 44.068 4.11866
TA.Q55A.z -80.0812 38.9952 4.14216
TA.R55A.z -80.1195 38.2825 4.21045
TA.G41A.z -89.1816 45.2118 4.41195
TA.R49A.z -85.1714 38.2916 4.2029
TA.G55A.z -76.7187 45.2532 4.19581
TA.U46A.z -88.1773 36.359 4.44263
TA.Z53A.z -83.5713 33.2801 4.19224
TA.153A.z -83.8316 32.6499 4.31172
TA.R60A.z -76.5807 38.2684 4.19401
TA.D61A.z -70.1868 47.2022 4.11828
TA.557A.z -81.7291 30.016 4.08263
TA.P58A.z -77.3005 39.4891 4.13056
TA.P46A.z -87.2067 39.6178 4.38197
TA.H64A.z -69.2203 44.6412 4.08778
TA.U60A.z -77.1596 36.4718 4.09354
TA.L43A.z -88.7423 42.1833 3.97486
TA.K48A.z -84.1197 42.8032 4.16874
TA.F61A.z -70.9921 45.9743 4.11187
TA.O49A.z -84.3353 40.188 4.27799
TA.061Z.z -80.907 25.8657 4.08973
TA.K56A.z -77.3244 42.6981 4.06971
TA.Z58A.z -79.8129 33.3349 4.12807
TA.F58A.z -73.8145 45.8663 4.16778
TA.W52A.z -83.9277 35.0935 4.23575
TA.J59A.z -74.5041 43.4647 4.16805
TA.455A.z -83.026 30.7422 4.03128
TA.P51A.z -83.0601 39.4818 4.13627
TA.Q59A.z -76.6548 38.8644 4.14636
TA.E58A.z -73.2771 46.3721 4.20575
TA.X53A.z -83.3013 34.5031 4.21713
TA.M53A.z -80.675 41.4393 4.155
TA.L50A.z -82.8095 42.043 4.18786
TA.G59A.z -73.1809 45.0807 4.13
TA.T60A.z -76.7349 37.1397 4.0845
TA.S58A.z -78.0511 37.6126 4.1471
TA.L46A.z -86.2955 42.0127 4.12937
TA.J61A.z -72.5535 43.3462 3.99403
TA.N48A.z -85.0271 40.8591 4.26539
TA.H42A.z -88.5311 44.5091 4.13353
TA.Q56A.z -79.1871 39.041 4.15374
TA.R50A.z -84.3274 38.2816 4.24029
TA.D48A.z -81.8072 47.1743 4.12012
TA.S51A.z -83.5935 37.6392 4.21035
TA.W49A.z -86.2645 35.1194 4.21659
TA.Y48A.z -87.1696 33.9131 4.34699
TA.N50A.z -83.1486 40.7711 4.21671
TA.L61A.z -73.5543 42.1934 4.15731
TA.E53A.z -77.6638 46.3784 4.17248
TA.L61B.z -72.6802 42.4498 4.17423
TA.D50A.z -79.8412 47.1668 4.1612
TA.351A.z -85.6036 31.2753 4.19548
TA.L59A.z -75.0426 42.1902 4.1171
TA.D46A.z -84.0357 46.891 4.12938
TA.Y57A.z -80.3915 34.017 4.33622
TA.K63A.z -71.5283 42.6888 4.15971
TA.V56A.z -80.4963 35.8097 4.21069
TA.N43A.z -89.1735 40.9394 3.75315
TA.157A.z -80.9972 32.678 4.09982
TA.253A.z -84.1294 32.0612 4.05417
TA.Z57A.z -80.7039 33.297 4.17317
TA.J54A.z -78.6392 43.2728 4.15192
TA.062Z.z -81.0523 24.7266 3.9923
TA.553A.z -84.4317 30.189 4.09433
TA.450A.z -86.5863 30.8038 4.21698
TA.Y52A.z -84.0626 33.864 4.25601
TA.P54A.z -80.4796 39.602 4.2177
TA.Z49A.z -86.5311 33.1942 4.0575
TA.U52A.z -83.3671 36.3929 4.27749
TA.M62A.z -72.8939 41.4423 4.14343
TA.E44A.z -85.9214 46.6199 4.11409
TA.T58A.z -78.5338 36.9454 4.13358
TA.O51A.z -82.6056 40.147 4.14393
TA.K52A.z -80.7139 42.7805 4.14785
TA.W56A.z -80.5828 35.135 4.16086
TA.V52A.z -83.5959 35.8417 4.10377
TA.Q49A.z -84.8956 39.005 4.22276
TA.N47A.z -85.6942 40.8801 4.1675
TA.L62A.z -72.6617 42.0328 4.09984
TA.E54A.z -77.1869 46.4339 4.18803
TA.D53A.z -77.7001 47.0795 4.25396
TA.L54A.z -79.3162 42.2345 4.14368
TA.356A.z -82.1275 31.3247 4.21314
TA.Y50A.z -85.7347 33.8911 4.37711
TA.P61A.z -74.7919 39.6734 4.11303
TA.I53A.z -79.5912 43.8238 4.13305
TA.R54A.z -80.9904 38.1809 4.21028
TA.V55A.z -81.2149 35.8518 4.16719
TA.W61A.z -76.9909 35.1773 4.17167
TA.457A.z -81.5563 30.6199 4.15476
TA.V62A.z -75.957 35.5612 4.17729
TA.D62A.z -69.0501 47.0819 4.22021
TA.657A.z -81.8665 29.5852 4.31411
TA.G62A.z -70.5319 45.2186 4.11967
TA.D54A.z -76.657 47.152 4.16196
TA.T48A.z -86.3943 37.1094 4.31366
TA.M44A.z -88.0432 41.3882 3.68902
TA.X58A.z -79.3388 34.5548 4.24691
TA.H61A.z -71.9271 44.5339 4.14843
TA.N57A.z -77.5509 40.7556 4.05828
TA.H59A.z -73.6905 44.6455 4.15823
TA.R44A.z -89.0809 38.2475 4.48954
TA.O48A.z -85.1553 40.2571 4.17397
TA.K47A.z -84.9993 42.6704 4.22792
TA.257A.z -81.0261 31.9746 4.02847
TA.K57A.z -76.5163 42.7313 4.029
TA.454A.z -83.6302 30.7145 4.22642
TA.W53A.z -83.163 35.1696 4.16008
TA.J58A.z -75.2852 43.3603 4.10946
TA.658A.z -81.2578 29.422 4.25827
TA.P50A.z -83.7988 39.6086 4.18449
TA.M54A.z -79.6647 41.5079 4.05301
TA.L53A.z -80.2598 41.9539 4.1465
TA.X56A.z -81.0319 34.4923 4.17858
TA.M66A.z -70.1353 41.259 3.87132
TA.Y59A.z -78.8737 33.9897 4.1629
TA.T55A.z -80.7843 37.117 4.17304
TA.I58A.z -74.9733 43.6901 4.13293
TA.H57A.z -75.3905 44.4624 4.11029
TA.L58A.z -75.8502 42.0447 4.15517
TA.I62A.z -71.3359 43.8743 4.06858
TA.H47A.z -84.2062 44.5994 4.19949
TA.E48A.z -82.1653 46.4809 4.1999
TA.Q53A.z -81.5251 38.8586 4.0658
TA.V59A.z -78.2394 35.7649 4.04401
TA.N61A.z -74.2969 40.7519 4.01505
TA.O55A.z -79.3041 40.2076 4.08516
TA.S56A.z -79.5662 37.6771 4.0853
TA.U57A.z -79.3364 36.4319 4.15813
TA.F55A.z -76.351 45.8338 4.24878
TA.F41A.z -89.1046 45.7387 4.33478
TA.G61A.z -71.5273 45.2827 4.08614
TA.N53A.z -80.8377 40.8065 4.0723
TA.D57A.z -73.8878 47.0172 4.06604
TA.D47A.z -83.1038 47.0558 4.17609
TA.P48A.z -85.4258 39.4605 4.23866
TA.M43A.z -88.9581 41.4365 3.772
TA.E50A.z -80.7378 46.4232 4.18044
TA.K62A.z -72.2345 42.6651 4.23881
TA.958A.z -81.7543 27.5855 4.09046
TA.J45A.z -86.3889 43.4354 4.18837
TA.857A.z -82.2291 28.267 4.10505
TA.352A.z -84.9274 31.4793 4.27593
TA.I47A.z -84.5096 44.0193 4.10216
TA.H62A.z -71.1559 44.5743 4.11867
TA.Y54A.z -82.688 33.8621 4.18514
TA.I57A.z -75.6599 43.9377 4.08951
TA.V51A.z -84.3511 35.8033 4.17549
TA.KMSC.z -81.3333 35.142 4.19573
TA.150A.z -86.022 32.6067 4.02147
TA.K58A.z -75.6473 42.7633 4.09002
TA.Z52A.z -84.4176 33.1893 4.19771
TA.U49A.z -85.7796 36.5129 4.10735
TA.859A.z -80.8984 28.0592 4.15529
TA.F52A.z -79.3227 45.7951 4.18962
TA.R61A.z -75.339 38.3303 4.01147
TA.F48A.z -82.6185 45.8278 4.21536
TA.453A.z -84.3197 30.8541 4.07594
TA.P57A.z -78.0126 39.4835 4.15374
TA.P47A.z -86.2699 39.4869 4.09786
TA.H65A.z -68.2469 44.6961 4.17746
TA.U53A.z -82.5765 36.3644 4.2202
TA.M61A.z -73.7673 41.3104 4.01082
TA.W48A.z -86.9333 35.1386 4.05841
TA.S52A.z -83.0784 37.6791 4.12324
TA.T46A.z -87.8941 37.0417 4.18106
TA.E47A.z -83.2777 46.4547 4.21425
TA.K43A.z -88.332 42.7044 4.28174
TA.059Z.z -81.4432 26.3373 4.11068
TA.O52A.z -81.8361 40.1158 4.19485
TA.W57A.z -79.9928 35.1529 4.14989
TA.U58A.z -78.5493 36.3944 4.01933
TA.E59A.z -72.5108 46.4803 4.23084
TA.Y49A.z -86.4119 33.8577 4.29888
TA.X52A.z -83.8938 34.6032 4.1438
TA.E61A.z -70.489 46.4312 4.13871
TA.G58A.z -74.054 45.1492 4.1158
TA.L47A.z -85.2021 41.9756 4.10058
TA.S59A.z -77.2942 37.762 4.18359
TA.M50A.z -83.0428 41.4035 4.15009
TA.H53A.z -78.5832 44.5736 4.24823
TA.J62A.z -71.8127 43.2262 4.12766
TA.H43A.z -87.7704 44.4697 4.33137
TA.Q47A.z -86.4261 38.9362 4.26525
TA.Q57A.z -78.4107 39.0353 4.12672
TA.R53A.z -81.9522 38.3307 4.09558
TA.N49A.z -84.1825 40.922 4.01616
TA.G43A.z -87.6861 45.2572 4.44824
TA.D49A.z -81.3562 47.2726 4.05794
TA.G53A.z -78.6237 45.1222 4.22996
TA.O45A.z -87.7244 40.2489 4.43792
TA.957A.z -82.2357 27.6702 4.21984
TA.Z51A.z -85.1747 33.3167 4.12572
TA.F51A.z -79.915 45.9284 4.18997
TA.F45A.z -85.5156 45.6837 4.18962
TA.G65A.z -67.5632 45.2002 4.08334
TA.D63A.z -68.1066 47.037 4.0472
TA.SFIN.z -87.0967 40.379 4.35851
TA.656A.z -82.5348 29.3689 4.1779
TA.554A.z -83.6836 30.0841 4.2174
TA.M47A.z -85.6214 41.3594 4.18365
TA.H66A.z -67.3115 44.7859 4.09821
TA.H58A.z -74.1798 44.4176 4.12332
TA.I43A.z -88.146 43.8844 4.33696
TA.V48A.z -86.8219 35.74 4.18805
TA.Z56A.z -81.3687 33.3253 4.13556
TA.252A.z -84.7357 31.9962 4.18754
TA.154A.z -83.1066 32.6131 4.17777
TA.K54A.z -78.6908 42.6097 4.16806
TA.J49A.z -83.1389 43.36 4.01046
TA.W50A.z -85.3119 35.2002 4.26543
TA.J57A.z -75.9968 43.4099 4.18223
TA.P53A.z -81.3896 39.4868 4.22993
TA.349A.z -87.1924 31.3504 4.158
TA.G57A.z -74.9855 45.1036 4.09017
TA.X55A.z -81.6336 34.4701 4.18093
TA.M49A.z -83.9752 41.4745 4.23221
TA.059A.z -81.144 26.9671 4.19135
TA.T54A.z -81.5762 37.0608 4.17674
TA.L44A.z -87.9119 42.1782 4.04334
TA.M55A.z -78.7649 41.4686 4.057
TA.Y60A.z -78.2163 34.0046 4.03139
TA.249A.z -87.1225 31.9752 3.97782
TA.H56A.z -76.2594 44.593 4.21204
TA.M65A.z -70.6466 41.562 4.06516
TA.I59A.z -73.8744 43.7957 3.99742
TA.Q50A.z -83.979 38.8436 4.18171
TA.I61A.z -72.2087 43.9323 4.08352
TA.N62A.z -73.4677 40.9313 4.09928
TA.J48A.z -83.7849 43.2986 4.16032
TA.U54A.z -81.8204 36.5209 4.10836
TA.S57A.z -78.9536 37.7605 4.13588
TA.T53A.z -82.535 36.9823 4.04263
TA.O56A.z -78.5663 40.2683 4.18102
TA.Q48A.z -85.7311 38.9295 4.21692
TA.N56A.z -78.2953 40.9171 4.10139
TA.449A.z -87.2151 30.7596 4.14335
TA.L63A.z -71.6095 41.8631 4.16259
TA.D52A.z -78.4117 46.9764 4.20942
TA.N44A.z -88.1333 40.7953 4.03379
TA.E55A.z -76.0572 46.4538 4.19001
TA.K61A.z -73.2676 42.6695 4.09602
TA.357A.z -81.4855 31.4239 4.21982
TA.J46A.z -85.6466 43.3478 4.05874
TA.S49A.z -85.2875 37.7849 4.1646
TA.X48A.z -87.0452 34.4517 4.21134
TA.Y51A.z -85.064 33.8993 4.22032
TA.T49A.z -85.5334 37.105 4.09473
TA.N59A.z -75.7703 40.9168 4.25161
TA.254A.z -83.2905 31.9457 4.21089
TA.D59A.z -71.8358 47.0073 4.13497
TA.V54A.z -81.9478 35.7771 4.20876
TA.V49A.z -85.903 35.7663 4.24095
TA.W60A.z -77.7133 35.0528 4.12544
TA.R57A.z -78.5232 38.297 4.14395
TA.858A.z -81.3616 28.2126 4.04749
TA.Z55A.z -82.1359 33.2211 4.12024
TA.K59A.z -74.8525 42.775 4.07978
TA.Y53A.z -83.5836 33.8554 4.22533
TA.F64A.z -68.3496 45.8633 4.05925
TA.U48A.z -86.5402 36.5107 3.99877
TA.O58A.z -76.9228 40.1231 4.169
TA.T50A.z -84.8384 37.0204 4.16231
TA.J52A.z -80.4764 43.2407 4.21711
TA.452A.z -85.183 30.8492 4.0781
TA.F49A.z -82.0423 45.7627 4.22533
TA.O61A.z -74.553 40.0934 4.03495
TA.P56A.z -78.8386 39.5044 4.29992
TA.Q61A.z -75.3256 38.8799 4.08098
TA.E42A.z -87.914 46.4301 4.40108
TA.R59A.z -77.1164 38.2005 4.13439
TA.F63A.z -69.1029 45.703 4.07535
TA.158A.z -80.1935 32.7364 4.09928
TA.R45A.z -88.2812 38.2926 3.7803
TA.K46A.z -85.7834 42.6864 4.11143
TA.L42A.z -89.667 42.004 4.14022
TA.K50A.z -82.6231 42.7749 4.04704
TA.W54A.z -82.1859 35.0857 4.22136
TA.S60A.z -76.6535 37.7055 4.03557
TA.L64A.z -70.8391 41.9359 4.23621
TA.L56A.z -77.5591 42.1365 4.14001
TA.E56A.z -75.0341 46.5436 4.16993
TA.M51A.z -82.1831 41.3321 4.16178
TA.E60A.z -71.4469 46.3689 4.17538
TA.X51A.z -84.8574 34.5658 4.17371
TA.I49A.z -82.8246 43.94 4.10739
TA.H52A.z -79.8888 44.6422 4.16403
TA.L48A.z -84.4329 41.9438 4.1427
TA.J63A.z -71.0781 43.2792 4.17836
TA.Q46A.z -87.3575 39.0231 4.39248
TA.R52A.z -82.6443 38.3366 4.25764
TA.G42A.z -88.4277 45.2418 4.49022
TA.Q54A.z -80.8338 38.9836 4.184
TA.O44A.z -88.4671 40.1526 4.42738
TA.G54A.z -78.0898 45.3979 4.16626
TA.R48A.z -85.8714 38.4001 4.29756
TA.V60A.z -77.2629 35.765 4.1638
TA.N52A.z -81.6876 40.8125 4.19117
TA.F46A.z -84.7586 45.7737 3.57094
TA.G60A.z -72.3337 45.0977 4.09806
TA.757A.z -82.0685 28.9413 4.31344
TA.S61A.z -75.6727 37.6804 4.07645
TA.D56A.z -74.7568 47.0485 4.11251
TA.655A.z -83.2552 29.5107 4.38937
TA.G47A.z -83.8551 45.173 4.17936
TA.E51A.z -79.4924 46.5333 4.22882
TA.P49A.z -84.7164 39.5342 4.21465
TA.X60A.z -77.9768 34.5773 3.96187
TA.353A.z -84.2172 31.3474 4.30058
TA.M42A.z -89.7581 41.4546 3.84906
TA.Y55A.z -81.8581 33.9375 4.0892
TA.959A.z -80.8791 27.524 4.22034
TA.H63A.z -70.0353 44.6616 4.14753
TA.M58A.z -76.4603 41.3721 4.09508
TA.I46A.z -85.4472 43.9411 4.13896
TA.W47A.z -87.5946 35.2511 4.48561
TA.V50A.z -85.1 35.6713 4.21345
TA.N55A.z -78.9862 40.7808 4.07928
TA.060A.z -80.3618 27.0361 4.2758
TA.E41A.z -88.9636 46.4643 4.33231
TA.155A.z -82.4665 32.6219 4.08709
TA.F60A.z -71.9514 45.9688 4.13539
TA.R46A.z -87.5114 38.2124 4.44525
TA.K49A.z -83.4556 42.7835 4.18691
TA.060Z.z -80.556 26.4062 4.09576
TA.Z59A.z -79.278 33.2414 4.04639
TA.K55A.z -78.0696 42.7278 4.17014
TA.J56A.z -76.8579 43.276 4.10594
TA.F59A.z -72.7833 45.8513 4.24831
TA.456A.z -82.0223 30.7248 4.1052
TA.W51A.z -84.7599 35.1606 4.27843
TA.G45A.z -85.6571 45.0404 4.16215
TA.P52A.z -82.1325 39.6337 4.14352
TA.S53A.z -82.1264 37.6815 4.14259
TA.T57A.z -79.2538 36.9983 4.19679
TA.X46A.z -88.5844 34.5564 4.20869
TA.M56A.z -78.1826 41.4837 4.11912
TA.T47A.z -87.1055 36.9881 3.88435
TA.151A.z -85.3267 32.5269 4.06155
TA.M60A.z -74.625 41.3265 4.01492
TA.251A.z -85.409 32.0929 4.37028
TA.E46A.z -84.3062 46.3665 4.22195
TA.E62A.z -69.5227 46.6201 4.23119
TA.H45A.z -86.044 44.6232 4.19642
TA.I64A.z -69.6347 43.9197 4.06349
TA.W46A.z -88.3783 35.1333 3.96204
TA.O43A.z -89.313 40.2856 4.30137
TA.U59A.z -77.7925 36.3526 4.12069
TA.255A.z -82.4758 31.9263 4.03383
TA.S54A.z -81.3114 37.7997 4.1817
TA.U61A.z -76.4464 36.3319 4.18905
TA.W58A.z -79.2333 35.0208 4.13389
TA.N51A.z -82.3748 40.9183 4.10548
TA.N45A.z -87.5118 40.8479 3.87408
TA.D51A.z -79.3733 47.0904 4.17056
TA.E52A.z -78.6569 46.2851 4.25842
TA.L60A.z -74.2226 41.989 4.15136
TA.E64A.z -67.8285 46.4184 4.05275
TA.350A.z -86.3353 31.4207 4.03267
TA.K60A.z -73.8886 42.6168 4.06243
TA.J47A.z -84.8214 43.2382 4.1628
TA.Y56A.z -81.3047 33.7922 4.20765
TA.X49A.z -86.326 34.5126 4.48085
TA.N58A.z -76.7158 40.8396 4.09743
TA.I45A.z -86.2348 44.0361 4.09656
TA.H48A.z -83.3249 44.7006 4.069
TA.V57A.z -79.7758 35.8875 4.23138
TA.I51A.z -81.0231 43.8036 4.05758
TA.L57A.z -76.8492 42.0005 4.18804
TA.R56A.z -79.4031 38.4071 4.12679
TA.O53A.z -81.2129 40.2493 4.16754
TA.G46A.z -84.8621 45.3176 4.21353
TA.Q58A.z -77.682 38.9413 4.19153
TA.D58A.z -72.8826 47.0954 4.15685
TA.152A.z -84.7188 32.6686 4.02659
TA.Z50A.z -85.9226 33.254 4.17429
TA.U47A.z -87.2892 36.4413 3.81401
TA.G64A.z -68.7558 45.2527 4.02047
TA.555A.z -82.9666 30.1212 4.28145
TA.556A.z -82.4057 30.0015 4.2378
TA.D60A.z -70.9237 46.9139 4.23055
TA.P59A.z -76.4327 39.6101 4.14232
TA.M46A.z -86.3524 41.4079 4.11514
TA.I42A.z -88.9134 43.8908 4.20143
TA.U55A.z -81.0472 36.5023 4.16278
TA.M63A.z -72.0464 41.4038 4.13681
TA.R58B.z -77.8787 37.9636 4.15131
TA.R58A.z -78.0034 38.2989 4.18089
TA.K51A.z -81.5082 42.7223 4.14814
TA.T59A.z -77.5541 36.9716 4.04404
TA.O50A.z -83.6199 40.1468 4.23776
TA.U50A.z -84.8431 36.4156 4.2119
TA.058A.z -81.8049 27.0569 4.18327
TA.M48A.z -84.7171 41.4846 4.25916
TA.M52A.z -81.357 41.5405 4.14912
TA.X54A.z -82.3743 34.5474 4.15809
TA.E63A.z -68.422 46.422 4.1827
TA.M64A.z -71.2102 41.5509 4.12388
TA.H55A.z -77.183 44.5505 4.22033
TA.J60A.z -73.4212 43.2438 4.11909
TA.I60A.z -73.2916 43.844 4.09339
TA.T51A.z -83.9454 36.9655 4.07599
TA.Q51A.z -83.3456 39.026 4.16578
TA.R51A.z -83.5834 38.3001 4.16632
TA.N63A.z -72.5206 40.9878 4.22543
TA.O47A.z -86.1742 40.2361 4.26993
TA.S46A.z -87.7153 37.6849 4.36954
TA.O57A.z -77.6354 40.2104 4.23906
TA.S50A.z -84.4003 37.679 4.00856
TA.T52A.z -82.9852 37.1076 4.15202
TA.V61A.z -76.5776 35.7912 4.17357
TA.F57A.z -74.6928 45.8122 4.07592
TA.G63A.z -69.6186 45.1147 4.15599
TA.V58A.z -79.115 35.794 4.11719
TA.V46A.z -88.1177 35.8007 3.63329
TA.758A.z -81.1996 28.9621 4.47471
TA.D55A.z -75.4732 47.019 4.04806
TA.M45A.z -87.2504 41.3881 3.99765
TA.M59A.z -75.4321 41.5413 4.15378
TA.H60A.z -72.6986 44.5606 4.12829
TA.X59A.z -78.6023 34.572 4.1556
TA.I41A.z -89.8697 44.0592 4.34556
TA.I55A.z -77.6817 44.2161 4.2543
TA.F62A.z -69.9664 45.8968 4.11376
TA.N54A.z -79.9892 40.9617 4.06382
TA.156A.z -81.495 32.6542 4.08415
TA.Z54A.z -82.8417 33.2362 4.27485
TA.250A.z -86.2677 31.9778 4.16594
TA.O59A.z -76.1859 40.3114 4.15891
TA.J55A.z -77.8167 43.2657 4.15341
TA.451A.z -85.7467 30.616 4.26215
TA.552A.z -85.2938 30.1327 4.12902
TA.O60A.z -75.405 40.3177 4.08714
TA.P55A.z -79.8265 39.5078 4.05319
TA.Q60A.z -75.8429 39.0016 4.09775
