TA.T56A.z -80.0311 37.0288 4.20332
TA.Y58A.z -79.6665 33.9057 4.09086
TA.X57A.z -80.094 34.4643 4.28553
TA.M57A.z -77.128 41.3372 4.11587
TA.U51A.z -84.0165 36.3786 4.30009
TA.X47A.z -87.8571 34.5178 4.24655
TA.TIGA.z -83.5898 31.4389 4.15859
TA.256A.z -81.8878 31.9799 4.13975
TA.H46A.z -85.2034 44.5397 4.00527
TA.I63A.z -70.5809 44.0505 4.10245
TA.149A.z -86.7916 32.5983 4.45359
TA.Q52A.z -82.2669 38.9622 4.13366
TA.N60A.z -75.1 40.8704 4.20111
TA.O54A.z -80.3778 40.1821 4.27945
TA.S55A.z -80.5013 37.7724 4.19204
TA.U56A.z -80.3829 36.3472 4.22999
TA.W59A.z -78.443 35.1673 4.03761
TA.N46A.z -86.7352 40.8949 4.41324
TA.V53A.z -82.8124 35.6694 4.19035
TA.L65A.z -70.0528 42.0295 4.07144
TA.E57A.z -74.1471 46.4117 4.19622
TA.X50B.z -85.6499 34.4611 4.31675
TA.355A.z -82.8518 31.3438 4.12311
TA.L55A.z -78.4368 42.1831 4.22635
TA.I48A.z -83.7022 44.1873 4.17649
TA.V47A.z -87.5205 35.8278 4.23507
TA.L49A.z -83.7672 42.1088 4.21843
TA.P60A.z -75.6358 39.8113 4.13284
TA.I52A.z -80.177 44.068 4.16557
TA.Q55A.z -80.0812 38.9952 4.19582
TA.R55A.z -80.1195 38.2825 4.20608
TA.G41A.z -89.1816 45.2118 4.41326
TA.R49A.z -85.1714 38.2916 4.22318
TA.G55A.z -76.7187 45.2532 4.22666
TA.U46A.z -88.1773 36.359 4.45097
TA.Z53A.z -83.5713 33.2801 4.20431
TA.153A.z -83.8316 32.6499 4.26348
TA.R60A.z -76.5807 38.2684 4.1193
TA.D61A.z -70.1868 47.2022 4.15589
TA.557A.z -81.7291 30.016 4.07816
TA.P58A.z -77.3005 39.4891 4.17434
TA.P46A.z -87.2067 39.6178 4.39307
TA.H64A.z -69.2203 44.6412 4.13533
TA.U60A.z -77.1596 36.4718 4.13508
TA.L43A.z -88.7423 42.1833 3.97749
TA.K48A.z -84.1197 42.8032 4.20415
TA.F61A.z -70.9921 45.9743 4.15903
TA.O49A.z -84.3353 40.188 4.31661
TA.061Z.z -80.907 25.8657 4.08979
TA.K56A.z -77.3244 42.6981 4.16231
TA.Z58A.z -79.8129 33.3349 4.14751
TA.F58A.z -73.8145 45.8663 4.20557
TA.W52A.z -83.9277 35.0935 4.17457
TA.J59A.z -74.5041 43.4647 4.21952
TA.455A.z -83.026 30.7422 4.17388
TA.P51A.z -83.0601 39.4818 4.14277
TA.Q59A.z -76.6548 38.8644 4.15304
TA.E58A.z -73.2771 46.3721 4.1611
TA.X53A.z -83.3013 34.5031 4.2322
TA.M53A.z -80.675 41.4393 4.2384
TA.L50A.z -82.8095 42.043 4.21124
TA.G59A.z -73.1809 45.0807 4.12485
TA.T60A.z -76.7349 37.1397 4.09668
TA.S58A.z -78.0511 37.6126 4.16333
TA.L46A.z -86.2955 42.0127 4.17776
TA.J61A.z -72.5535 43.3462 4.03782
TA.N48A.z -85.0271 40.8591 4.25789
TA.H42A.z -88.5311 44.5091 4.14082
TA.Q56A.z -79.1871 39.041 4.16424
TA.R50A.z -84.3274 38.2816 4.25372
TA.D48A.z -81.8072 47.1743 4.14686
TA.S51A.z -83.5935 37.6392 4.17657
TA.W49A.z -86.2645 35.1194 4.2077
TA.Y48A.z -87.1696 33.9131 4.23531
TA.N50A.z -83.1486 40.7711 4.25453
TA.L61A.z -73.5543 42.1934 4.14391
TA.E53A.z -77.6638 46.3784 4.2061
TA.L61B.z -72.6802 42.4498 4.16472
TA.D50A.z -79.8412 47.1668 4.08108
TA.351A.z -85.6036 31.2753 4.19646
TA.L59A.z -75.0426 42.1902 4.20313
TA.D46A.z -84.0357 46.891 4.18812
TA.Y57A.z -80.3915 34.017 4.31972
TA.K63A.z -71.5283 42.6888 4.15842
TA.V56A.z -80.4963 35.8097 4.19675
TA.N43A.z -89.1735 40.9394 3.7547
TA.157A.z -80.9972 32.678 4.12669
TA.253A.z -84.1294 32.0612 4.04755
TA.Z57A.z -80.7039 33.297 4.20701
TA.J54A.z -78.6392 43.2728 4.22279
TA.062Z.z -81.0523 24.7266 3.99351
TA.553A.z -84.4317 30.189 4.15144
TA.450A.z -86.5863 30.8038 4.21996
TA.Y52A.z -84.0626 33.864 4.28069
TA.P54A.z -80.4796 39.602 4.27425
TA.Z49A.z -86.5311 33.1942 4.27042
TA.U52A.z -83.3671 36.3929 4.29215
TA.M62A.z -72.8939 41.4423 4.15032
TA.E44A.z -85.9214 46.6199 4.11353
TA.T58A.z -78.5338 36.9454 4.11418
TA.O51A.z -82.6056 40.147 4.1317
TA.K52A.z -80.7139 42.7805 4.21475
TA.W56A.z -80.5828 35.135 4.24085
TA.V52A.z -83.5959 35.8417 4.108
TA.Q49A.z -84.8956 39.005 4.29759
TA.N47A.z -85.6942 40.8801 4.17457
TA.L62A.z -72.6617 42.0328 4.09956
TA.E54A.z -77.1869 46.4339 4.15181
TA.D53A.z -77.7001 47.0795 4.22194
TA.L54A.z -79.3162 42.2345 4.14695
TA.356A.z -82.1275 31.3247 4.22821
TA.Y50A.z -85.7347 33.8911 4.47121
TA.P61A.z -74.7919 39.6734 4.07256
TA.I53A.z -79.5912 43.8238 4.14626
TA.R54A.z -80.9904 38.1809 4.21723
TA.V55A.z -81.2149 35.8518 4.2122
TA.W61A.z -76.9909 35.1773 4.18895
TA.457A.z -81.5563 30.6199 4.14489
TA.V62A.z -75.957 35.5612 4.14119
TA.D62A.z -69.0501 47.0819 4.23047
TA.657A.z -81.8665 29.5852 4.31603
TA.G62A.z -70.5319 45.2186 4.13961
TA.D54A.z -76.657 47.152 4.12814
TA.T48A.z -86.3943 37.1094 4.31985
TA.M44A.z -88.0432 41.3882 3.69368
TA.X58A.z -79.3388 34.5548 4.23483
TA.H61A.z -71.9271 44.5339 4.1423
TA.N57A.z -77.5509 40.7556 nan
TA.H59A.z -73.6905 44.6455 4.13076
TA.R44A.z -89.0809 38.2475 4.49
TA.O48A.z -85.1553 40.2571 4.15612
TA.K47A.z -84.9993 42.6704 4.23719
TA.257A.z -81.0261 31.9746 4.05192
TA.K57A.z -76.5163 42.7313 4.09382
TA.454A.z -83.6302 30.7145 4.17129
TA.W53A.z -83.163 35.1696 4.17469
TA.J58A.z -75.2852 43.3603 4.14746
TA.658A.z -81.2578 29.422 4.23778
TA.P50A.z -83.7988 39.6086 4.23149
TA.M54A.z -79.6647 41.5079 4.11051
TA.L53A.z -80.2598 41.9539 4.2316
TA.X56A.z -81.0319 34.4923 4.27494
TA.M66A.z -70.1353 41.259 4.25804
TA.Y59A.z -78.8737 33.9897 4.1672
TA.T55A.z -80.7843 37.117 4.2397
TA.I58A.z -74.9733 43.6901 4.17485
TA.H57A.z -75.3905 44.4624 4.18297
TA.L58A.z -75.8502 42.0447 4.16554
TA.I62A.z -71.3359 43.8743 4.07984
TA.H47A.z -84.2062 44.5994 4.20634
TA.E48A.z -82.1653 46.4809 4.23739
TA.Q53A.z -81.5251 38.8586 4.13368
TA.S61A.z -75.6727 37.6804 4.11596
TA.N61A.z -74.2969 40.7519 3.96222
TA.O55A.z -79.3041 40.2076 4.14803
TA.S56A.z -79.5662 37.6771 4.12894
TA.U57A.z -79.3364 36.4319 4.20139
TA.F55A.z -76.351 45.8338 4.2619
TA.F41A.z -89.1046 45.7387 4.3354
TA.G61A.z -71.5273 45.2827 4.19045
TA.N53A.z -80.8377 40.8065 4.11944
TA.D57A.z -73.8878 47.0172 4.08106
TA.D47A.z -83.1038 47.0558 4.22619
TA.P48A.z -85.4258 39.4605 4.26294
TA.M43A.z -88.9581 41.4365 3.77768
TA.E50A.z -80.7378 46.4232 4.23203
TA.K62A.z -72.2345 42.6651 4.18455
TA.958A.z -81.7543 27.5855 4.09981
TA.J45A.z -86.3889 43.4354 4.21216
TA.857A.z -82.2291 28.267 4.10531
TA.352A.z -84.9274 31.4793 4.27081
TA.I47A.z -84.5096 44.0193 4.14538
TA.H62A.z -71.1559 44.5743 4.18535
TA.Y54A.z -82.688 33.8621 4.18781
TA.I57A.z -75.6599 43.9377 4.0895
TA.V51A.z -84.3511 35.8033 4.25284
TA.KMSC.z -81.3333 35.142 4.20495
TA.150A.z -86.022 32.6067 4.02165
TA.K58A.z -75.6473 42.7633 4.16684
TA.Z52A.z -84.4176 33.1893 4.23301
TA.U49A.z -85.7796 36.5129 4.16277
TA.859A.z -80.8984 28.0592 4.14567
TA.F52A.z -79.3227 45.7951 4.25053
TA.R61A.z -75.339 38.3303 4.09244
TA.F48A.z -82.6185 45.8278 4.26016
TA.453A.z -84.3197 30.8541 4.14976
TA.P57A.z -78.0126 39.4835 4.17086
TA.P47A.z -86.2699 39.4869 4.14927
TA.H65A.z -68.2469 44.6961 4.19794
TA.U53A.z -82.5765 36.3644 4.23214
TA.M61A.z -73.7673 41.3104 4.05321
TA.W48A.z -86.9333 35.1386 4.12074
TA.S52A.z -83.0784 37.6791 4.08159
TA.T46A.z -87.8941 37.0417 4.20225
TA.E47A.z -83.2777 46.4547 4.25205
TA.K43A.z -88.332 42.7044 4.28756
TA.059Z.z -81.4432 26.3373 4.12785
TA.O52A.z -81.8361 40.1158 4.11414
TA.W57A.z -79.9928 35.1529 4.21285
TA.U58A.z -78.5493 36.3944 4.00884
TA.E59A.z -72.5108 46.4803 4.33088
TA.Y49A.z -86.4119 33.8577 4.27299
TA.X52A.z -83.8938 34.6032 4.1528
TA.E61A.z -70.489 46.4312 4.1902
TA.G58A.z -74.054 45.1492 4.12745
TA.L47A.z -85.2021 41.9756 4.20101
TA.S59A.z -77.2942 37.762 4.11604
TA.M50A.z -83.0428 41.4035 4.16654
TA.H53A.z -78.5832 44.5736 4.19587
TA.J62A.z -71.8127 43.2262 4.1409
TA.H43A.z -87.7704 44.4697 4.34499
TA.Q47A.z -86.4261 38.9362 4.29958
TA.Q57A.z -78.4107 39.0353 4.16853
TA.R53A.z -81.9522 38.3307 4.19441
TA.N49A.z -84.1825 40.922 4.05179
TA.G43A.z -87.6861 45.2572 4.49794
TA.D49A.z -81.3562 47.2726 4.1631
TA.G53A.z -78.6237 45.1222 4.2179
TA.O45A.z -87.7244 40.2489 4.44872
TA.957A.z -82.2357 27.6702 4.22455
TA.Z51A.z -85.1747 33.3167 4.11531
TA.F51A.z -79.915 45.9284 4.23363
TA.F45A.z -85.5156 45.6837 4.18723
TA.G65A.z -67.5632 45.2002 4.1322
TA.D63A.z -68.1066 47.037 4.0312
TA.SFIN.z -87.0967 40.379 4.38158
TA.656A.z -82.5348 29.3689 4.17153
TA.554A.z -83.6836 30.0841 4.2177
TA.M47A.z -85.6214 41.3594 4.18848
TA.H66A.z -67.3115 44.7859 4.11499
TA.H58A.z -74.1798 44.4176 4.14339
TA.I43A.z -88.146 43.8844 4.35493
TA.V48A.z -86.8219 35.74 nan
TA.Z56A.z -81.3687 33.3253 4.15649
TA.252A.z -84.7357 31.9962 4.21334
TA.154A.z -83.1066 32.6131 4.23123
TA.K54A.z -78.6908 42.6097 nan
TA.J49A.z -83.1389 43.36 4.08347
TA.W50A.z -85.3119 35.2002 4.3154
TA.J57A.z -75.9968 43.4099 4.21404
TA.P53A.z -81.3896 39.4868 4.27596
TA.349A.z -87.1924 31.3504 4.15949
TA.G57A.z -74.9855 45.1036 nan
TA.X55A.z -81.6336 34.4701 4.19873
TA.M49A.z -83.9752 41.4745 4.21586
TA.059A.z -81.144 26.9671 4.20348
TA.T54A.z -81.5762 37.0608 4.21371
TA.L44A.z -87.9119 42.1782 4.04709
TA.M55A.z -78.7649 41.4686 4.11824
TA.Y60A.z -78.2163 34.0046 4.04687
TA.249A.z -87.1225 31.9752 3.99462
TA.H56A.z -76.2594 44.593 4.17111
TA.M65A.z -70.6466 41.562 4.06362
TA.I59A.z -73.8744 43.7957 4.04801
TA.Q50A.z -83.979 38.8436 4.21855
TA.I61A.z -72.2087 43.9323 4.09827
TA.N62A.z -73.4677 40.9313 4.15384
TA.J48A.z -83.7849 43.2986 4.19989
TA.U54A.z -81.8204 36.5209 4.14053
TA.S57A.z -78.9536 37.7605 4.18818
TA.T53A.z -82.535 36.9823 4.08476
TA.O56A.z -78.5663 40.2683 4.19512
TA.Q48A.z -85.7311 38.9295 4.17535
TA.N56A.z -78.2953 40.9171 4.16468
TA.449A.z -87.2151 30.7596 4.14469
TA.L63A.z -71.6095 41.8631 4.17539
TA.D52A.z -78.4117 46.9764 4.24565
TA.N44A.z -88.1333 40.7953 4.04531
TA.E55A.z -76.0572 46.4538 4.18427
TA.K61A.z -73.2676 42.6695 4.17268
TA.357A.z -81.4855 31.4239 4.21997
TA.J46A.z -85.6466 43.3478 3.99252
TA.S49A.z -85.2875 37.7849 4.17664
TA.X48A.z -87.0452 34.4517 4.20437
TA.Y51A.z -85.064 33.8993 4.24883
TA.T49A.z -85.5334 37.105 4.16303
TA.N59A.z -75.7703 40.9168 4.2076
TA.254A.z -83.2905 31.9457 4.23238
TA.D59A.z -71.8358 47.0073 4.16809
TA.V54A.z -81.9478 35.7771 4.20858
TA.V49A.z -85.903 35.7663 4.25305
TA.W60A.z -77.7133 35.0528 4.06173
TA.R57A.z -78.5232 38.297 4.20854
TA.858A.z -81.3616 28.2126 4.05664
TA.Z55A.z -82.1359 33.2211 4.18955
TA.K59A.z -74.8525 42.775 4.1437
TA.Y53A.z -83.5836 33.8554 4.30656
TA.F64A.z -68.3496 45.8633 4.10453
TA.U48A.z -86.5402 36.5107 4.01581
TA.O58A.z -76.9228 40.1231 4.15548
TA.T50A.z -84.8384 37.0204 4.16171
TA.J52A.z -80.4764 43.2407 4.26142
TA.452A.z -85.183 30.8492 4.08698
TA.F49A.z -82.0423 45.7627 4.28904
TA.O61A.z -74.553 40.0934 4.07776
TA.P56A.z -78.8386 39.5044 4.22023
TA.Q61A.z -75.3256 38.8799 4.16239
TA.E42A.z -87.914 46.4301 4.45476
TA.R59A.z -77.1164 38.2005 4.15966
TA.F63A.z -69.1029 45.703 4.13062
TA.158A.z -80.1935 32.7364 4.10774
TA.R45A.z -88.2812 38.2926 3.78284
TA.K46A.z -85.7834 42.6864 4.13466
TA.L42A.z -89.667 42.004 4.14171
TA.K50A.z -82.6231 42.7749 4.0255
TA.W54A.z -82.1859 35.0857 4.24519
TA.S60A.z -76.6535 37.7055 4.13586
TA.L64A.z -70.8391 41.9359 4.18104
TA.L56A.z -77.5591 42.1365 4.21796
TA.E56A.z -75.0341 46.5436 4.22431
TA.M51A.z -82.1831 41.3321 4.19229
TA.E60A.z -71.4469 46.3689 4.23043
TA.X51A.z -84.8574 34.5658 4.25555
TA.I49A.z -82.8246 43.94 4.17571
TA.H52A.z -79.8888 44.6422 4.17604
TA.L48A.z -84.4329 41.9438 4.18573
TA.J63A.z -71.0781 43.2792 4.17217
TA.Q46A.z -87.3575 39.0231 4.4023
TA.R52A.z -82.6443 38.3366 4.17584
TA.Q54A.z -80.8338 38.9836 4.20726
TA.O44A.z -88.4671 40.1526 4.44
TA.G54A.z -78.0898 45.3979 4.14947
TA.R48A.z -85.8714 38.4001 4.29827
TA.V60A.z -77.2629 35.765 4.15255
TA.N52A.z -81.6876 40.8125 4.24167
TA.F46A.z -84.7586 45.7737 3.5749
TA.G60A.z -72.3337 45.0977 4.17166
TA.757A.z -82.0685 28.9413 4.31402
TA.V59A.z -78.2394 35.7649 4.02411
TA.D56A.z -74.7568 47.0485 4.15374
TA.655A.z -83.2552 29.5107 4.39944
TA.G47A.z -83.8551 45.173 4.19604
TA.E51A.z -79.4924 46.5333 4.23858
TA.P49A.z -84.7164 39.5342 4.22909
TA.X60A.z -77.9768 34.5773 4.04216
TA.353A.z -84.2172 31.3474 4.23474
TA.M42A.z -89.7581 41.4546 3.85064
TA.Y55A.z -81.8581 33.9375 4.11012
TA.959A.z -80.8791 27.524 4.2777
TA.H63A.z -70.0353 44.6616 4.1927
TA.M58A.z -76.4603 41.3721 4.08396
TA.I46A.z -85.4472 43.9411 4.17496
TA.W47A.z -87.5946 35.2511 4.22887
TA.V50A.z -85.1 35.6713 4.23721
TA.N55A.z -78.9862 40.7808 4.16329
TA.060A.z -80.3618 27.0361 4.27295
TA.E41A.z -88.9636 46.4643 4.3368
TA.155A.z -82.4665 32.6219 4.1208
TA.F60A.z -71.9514 45.9688 4.20842
TA.R46A.z -87.5114 38.2124 4.45814
TA.K49A.z -83.4556 42.7835 4.15101
TA.060Z.z -80.556 26.4062 4.11636
TA.Z59A.z -79.278 33.2414 4.09304
TA.K55A.z -78.0696 42.7278 4.22862
TA.J56A.z -76.8579 43.276 4.14904
TA.F59A.z -72.7833 45.8513 nan
TA.456A.z -82.0223 30.7248 4.14469
TA.W51A.z -84.7599 35.1606 4.19527
TA.G45A.z -85.6571 45.0404 4.16341
TA.P52A.z -82.1325 39.6337 4.13752
TA.S53A.z -82.1264 37.6815 4.15127
TA.T57A.z -79.2538 36.9983 4.19902
TA.X46A.z -88.5844 34.5564 4.13163
TA.M56A.z -78.1826 41.4837 4.16529
TA.T47A.z -87.1055 36.9881 3.89279
TA.151A.z -85.3267 32.5269 4.06632
TA.M60A.z -74.625 41.3265 4.14414
TA.251A.z -85.409 32.0929 4.3902
TA.E46A.z -84.3062 46.3665 4.12669
TA.E62A.z -69.5227 46.6201 4.25504
TA.H45A.z -86.044 44.6232 4.2024
TA.I64A.z -69.6347 43.9197 4.0932
TA.W46A.z -88.3783 35.1333 3.73501
TA.O43A.z -89.313 40.2856 4.32646
TA.U59A.z -77.7925 36.3526 4.12315
TA.255A.z -82.4758 31.9263 4.03513
TA.S54A.z -81.3114 37.7997 4.21039
TA.U61A.z -76.4464 36.3319 4.17488
TA.W58A.z -79.2333 35.0208 4.22508
TA.N51A.z -82.3748 40.9183 4.13631
TA.N45A.z -87.5118 40.8479 3.88928
TA.D51A.z -79.3733 47.0904 4.18344
TA.E52A.z -78.6569 46.2851 4.27955
TA.L60A.z -74.2226 41.989 4.10182
TA.E64A.z -67.8285 46.4184 4.07041
TA.350A.z -86.3353 31.4207 4.03557
TA.K60A.z -73.8886 42.6168 4.17555
TA.J47A.z -84.8214 43.2382 4.19257
TA.Y56A.z -81.3047 33.7922 4.22322
TA.X49A.z -86.326 34.5126 4.21804
TA.N58A.z -76.7158 40.8396 4.16044
TA.I45A.z -86.2348 44.0361 4.07848
TA.H48A.z -83.3249 44.7006 4.1197
TA.V57A.z -79.7758 35.8875 4.27353
TA.I51A.z -81.0231 43.8036 4.04806
TA.L57A.z -76.8492 42.0005 4.19131
TA.R56A.z -79.4031 38.4071 4.18383
TA.O53A.z -81.2129 40.2493 4.21135
TA.G46A.z -84.8621 45.3176 4.24511
TA.Q58A.z -77.682 38.9413 4.15941
TA.D58A.z -72.8826 47.0954 4.14595
TA.152A.z -84.7188 32.6686 4.09838
TA.Z50A.z -85.9226 33.254 4.20059
TA.U47A.z -87.2892 36.4413 3.82243
TA.G64A.z -68.7558 45.2527 4.05734
TA.555A.z -82.9666 30.1212 4.282
TA.556A.z -82.4057 30.0015 4.23944
TA.D60A.z -70.9237 46.9139 4.24147
TA.P59A.z -76.4327 39.6101 4.21353
TA.M46A.z -86.3524 41.4079 4.12994
TA.I42A.z -88.9134 43.8908 4.22308
TA.U55A.z -81.0472 36.5023 4.26308
TA.M63A.z -72.0464 41.4038 4.10657
TA.R58B.z -77.8787 37.9636 4.20981
TA.R58A.z -78.0034 38.2989 4.19737
TA.K51A.z -81.5082 42.7223 4.19701
TA.T59A.z -77.5541 36.9716 4.0833
TA.O50A.z -83.6199 40.1468 4.22525
TA.U50A.z -84.8431 36.4156 4.27155
TA.058A.z -81.8049 27.0569 4.25641
TA.M48A.z -84.7171 41.4846 4.28055
TA.M52A.z -81.357 41.5405 4.23475
TA.X54A.z -82.3743 34.5474 4.16094
TA.E63A.z -68.422 46.422 4.16792
TA.M64A.z -71.2102 41.5509 4.15594
TA.H55A.z -77.183 44.5505 4.20414
TA.J60A.z -73.4212 43.2438 4.11915
TA.I60A.z -73.2916 43.844 4.15772
TA.T51A.z -83.9454 36.9655 4.09833
TA.Q51A.z -83.3456 39.026 4.22609
TA.R51A.z -83.5834 38.3001 4.15305
TA.N63A.z -72.5206 40.9878 4.21931
TA.O47A.z -86.1742 40.2361 4.30193
TA.S46A.z -87.7153 37.6849 4.37452
TA.O57A.z -77.6354 40.2104 4.23032
TA.S50A.z -84.4003 37.679 4.00826
TA.T52A.z -82.9852 37.1076 4.15217
TA.V61A.z -76.5776 35.7912 4.15526
TA.F57A.z -74.6928 45.8122 4.13384
TA.G63A.z -69.6186 45.1147 4.1427
TA.V58A.z -79.115 35.794 4.18163
TA.V46A.z -88.1177 35.8007 3.63519
TA.758A.z -81.1996 28.9621 4.47577
TA.D55A.z -75.4732 47.019 4.07877
TA.M45A.z -87.2504 41.3881 4.02719
TA.M59A.z -75.4321 41.5413 4.19623
TA.H60A.z -72.6986 44.5606 4.13863
TA.X59A.z -78.6023 34.572 4.20986
TA.I41A.z -89.8697 44.0592 4.35261
TA.I55A.z -77.6817 44.2161 4.19568
TA.F62A.z -69.9664 45.8968 4.07898
TA.N54A.z -79.9892 40.9617 4.11967
TA.156A.z -81.495 32.6542 4.1144
TA.Z54A.z -82.8417 33.2362 4.2576
TA.250A.z -86.2677 31.9778 4.18714
TA.O59A.z -76.1859 40.3114 4.18897
TA.J55A.z -77.8167 43.2657 4.13892
TA.451A.z -85.7467 30.616 4.26603
TA.552A.z -85.2938 30.1327 4.1358
TA.O60A.z -75.405 40.3177 4.13138
TA.P55A.z -79.8265 39.5078 4.16369
TA.Q60A.z -75.8429 39.0016 nan
