TA.T56A.z -80.0311 37.0288 4.01943
TA.Y58A.z -79.6665 33.9057 4.09205
TA.X57A.z -80.094 34.4643 4.03854
TA.M57A.z -77.128 41.3372 4.09612
TA.U51A.z -84.0165 36.3786 4.13044
TA.X47A.z -87.8571 34.5178 4.28066
TA.TIGA.z -83.5898 31.4389 4.01019
TA.F63A.z -69.1029 45.703 4.05701
TA.H46A.z -85.2034 44.5397 4.04084
TA.I63A.z -70.5809 44.0505 4.04312
TA.149A.z -86.7916 32.5983 3.9241
TA.Q52A.z -82.2669 38.9622 4.0794
TA.N60A.z -75.1 40.8704 4.04283
TA.O54A.z -80.3778 40.1821 4.09649
TA.S55A.z -80.5013 37.7724 4.04464
TA.U56A.z -80.3829 36.3472 4.1241
TA.W59A.z -78.443 35.1673 4.16221
TA.N46A.z -86.7352 40.8949 4.1838
TA.V53A.z -82.8124 35.6694 4.13773
TA.L65A.z -70.0528 42.0295 3.98472
TA.E57A.z -74.1471 46.4117 4.04995
TA.X50B.z -85.6499 34.4611 3.90218
TA.355A.z -82.8518 31.3438 4.08481
TA.L55A.z -78.4368 42.1831 4.11448
TA.I48A.z -83.7022 44.1873 4.01105
TA.V47A.z -87.5205 35.8278 4.03221
TA.L49A.z -83.7672 42.1088 4.18227
TA.P60A.z -75.6358 39.8113 4.1387
TA.I52A.z -80.177 44.068 4.13368
TA.Q55A.z -80.0812 38.9952 4.00438
TA.R55A.z -80.1195 38.2825 4.00393
TA.R49A.z -85.1714 38.2916 4.16018
TA.G55A.z -76.7187 45.2532 4.07923
TA.U46A.z -88.1773 36.359 4.24005
TA.Z53A.z -83.5713 33.2801 4.11051
TA.153A.z -83.8316 32.6499 4.05233
TA.R60A.z -76.5807 38.2684 4.0881
TA.D61A.z -70.1868 47.2022 4.04851
TA.557A.z -81.7291 30.016 3.97126
TA.P58A.z -77.3005 39.4891 4.05689
TA.P46A.z -87.2067 39.6178 4.11836
TA.H64A.z -69.2203 44.6412 4.00981
TA.U60A.z -77.1596 36.4718 4.07557
TA.Y59A.z -78.8737 33.9897 4.03433
TA.K48A.z -84.1197 42.8032 4.10138
TA.F61A.z -70.9921 45.9743 4.05578
TA.O49A.z -84.3353 40.188 4.19556
TA.R47A.z -86.527 38.2957 4.09814
TA.061Z.z -80.907 25.8657 4.0574
TA.K56A.z -77.3244 42.6981 4.1632
TA.Z58A.z -79.8129 33.3349 4.07304
TA.F58A.z -73.8145 45.8663 4.05533
TA.W52A.z -83.9277 35.0935 4.10092
TA.J59A.z -74.5041 43.4647 4.0379
TA.455A.z -83.026 30.7422 4.00767
TA.P51A.z -83.0601 39.4818 4.09175
TA.Q59A.z -76.6548 38.8644 4.09945
TA.G45A.z -85.6571 45.0404 4.08456
TA.X53A.z -83.3013 34.5031 4.12428
TA.M53A.z -80.675 41.4393 4.07347
TA.L50A.z -82.8095 42.043 4.14423
TA.G59A.z -73.1809 45.0807 3.99468
TA.T60A.z -76.7349 37.1397 4.0852
TA.S58A.z -78.0511 37.6126 4.07329
TA.L46A.z -86.2955 42.0127 4.07403
TA.J61A.z -72.5535 43.3462 4.00001
TA.N48A.z -85.0271 40.8591 4.10382
TA.H42A.z -88.5311 44.5091 4.15705
TA.Q56A.z -79.1871 39.041 4.02077
TA.R50A.z -84.3274 38.2816 4.15396
TA.S45A.z -88.5804 37.6774 3.68842
TA.D48A.z -81.8072 47.1743 4.13583
TA.S51A.z -83.5935 37.6392 4.09945
TA.T51A.z -83.9454 36.9655 4.10595
TA.Y48A.z -87.1696 33.9131 4.01682
TA.N50A.z -83.1486 40.7711 4.19076
TA.L61A.z -73.5543 42.1934 4.03576
TA.E53A.z -77.6638 46.3784 4.20121
TA.L61B.z -72.6802 42.4498 4.132
TA.D50A.z -79.8412 47.1668 4.0791
TA.L59A.z -75.0426 42.1902 4.05187
TA.D46A.z -84.0357 46.891 4.11254
TA.Y57A.z -80.3915 34.017 3.97674
TA.K63A.z -71.5283 42.6888 4.03662
TA.V56A.z -80.4963 35.8097 4.12491
TA.N43A.z -89.1735 40.9394 4.45563
TA.157A.z -80.9972 32.678 4.0188
TA.253A.z -84.1294 32.0612 3.99748
TA.Z57A.z -80.7039 33.297 4.01594
TA.J54A.z -78.6392 43.2728 4.10843
TA.062Z.z -81.0523 24.7266 3.95659
TA.553A.z -84.4317 30.189 4.02584
TA.450A.z -86.5863 30.8038 4.19301
TA.Y52A.z -84.0626 33.864 4.08748
TA.P54A.z -80.4796 39.602 4.04853
TA.Z49A.z -86.5311 33.1942 4.28049
TA.U52A.z -83.3671 36.3929 4.13022
TA.T45A.z -88.6447 37.0196 4.15628
TA.V49A.z -85.903 35.7663 4.05528
TA.M62A.z -72.8939 41.4423 4.03754
TA.E44A.z -85.9214 46.6199 4.0658
TA.T58A.z -78.5338 36.9454 4.06589
TA.O51A.z -82.6056 40.147 4.11102
TA.K52A.z -80.7139 42.7805 4.13608
TA.W56A.z -80.5828 35.135 4.08609
TA.V52A.z -83.5959 35.8417 4.12523
TA.Q49A.z -84.8956 39.005 4.22592
TA.N47A.z -85.6942 40.8801 4.12466
TA.L62A.z -72.6617 42.0328 4.12264
TA.E54A.z -77.1869 46.4339 4.20137
TA.D53A.z -77.7001 47.0795 4.11482
TA.L54A.z -79.3162 42.2345 4.11419
TA.356A.z -82.1275 31.3247 3.99249
TA.Y50A.z -85.7347 33.8911 4.1116
TA.P61A.z -74.7919 39.6734 4.09343
TA.I53A.z -79.5912 43.8238 4.14255
TA.R54A.z -80.9904 38.1809 4.0406
TA.V55A.z -81.2149 35.8518 4.08405
TA.W61A.z -76.9909 35.1773 4.07801
TA.457A.z -81.5563 30.6199 3.96059
TA.V62A.z -75.957 35.5612 4.03639
TA.D62A.z -69.0501 47.0819 4.08202
TA.657A.z -81.8665 29.5852 4.07137
TA.G62A.z -70.5319 45.2186 4.08132
TA.F44A.z -86.4226 45.9737 3.74429
TA.D54A.z -76.657 47.152 4.12132
TA.T48A.z -86.3943 37.1094 4.25648
TA.X58A.z -79.3388 34.5548 4.05033
TA.H61A.z -71.9271 44.5339 4.06858
TA.N57A.z -77.5509 40.7556 4.06795
TA.H59A.z -73.6905 44.6455 4.0615
TA.E43A.z -86.9954 46.3758 3.65719
TA.R44A.z -89.0809 38.2475 3.92667
TA.O48A.z -85.1553 40.2571 4.08251
TA.K47A.z -84.9993 42.6704 4.15021
TA.257A.z -81.0261 31.9746 4.17878
TA.K57A.z -76.5163 42.7313 4.13768
TA.454A.z -83.6302 30.7145 4.02161
TA.W53A.z -83.163 35.1696 4.13612
TA.J58A.z -75.2852 43.3603 3.9905
TA.658A.z -81.2578 29.422 3.93615
TA.P50A.z -83.7988 39.6086 4.16097
TA.M54A.z -79.6647 41.5079 4.02424
TA.L53A.z -80.2598 41.9539 4.0824
TA.X56A.z -81.0319 34.4923 4.00047
TA.M66A.z -70.1353 41.259 4.07703
TA.L43A.z -88.7423 42.1833 4.48083
TA.T55A.z -80.7843 37.117 4.17559
TA.I58A.z -74.9733 43.6901 4.05558
TA.H57A.z -75.3905 44.4624 4.07816
TA.L58A.z -75.8502 42.0447 4.08557
TA.I62A.z -71.3359 43.8743 4.0673
TA.H47A.z -84.2062 44.5994 4.02532
TA.E48A.z -82.1653 46.4809 4.16214
TA.148A.z -87.571 32.6469 4.1993
TA.Q53A.z -81.5251 38.8586 4.11127
TA.V59A.z -78.2394 35.7649 4.05529
TA.N61A.z -74.2969 40.7519 4.03012
TA.O55A.z -79.3041 40.2076 4.06906
TA.S56A.z -79.5662 37.6771 3.99213
TA.U57A.z -79.3364 36.4319 4.06401
TA.F55A.z -76.351 45.8338 4.16405
TA.F41A.z -89.1046 45.7387 3.88212
TA.G61A.z -71.5273 45.2827 4.03422
TA.N53A.z -80.8377 40.8065 4.07182
TA.D57A.z -73.8878 47.0172 4.08744
TA.D47A.z -83.1038 47.0558 4.12453
TA.P48A.z -85.4258 39.4605 4.1594
TA.M43A.z -88.9581 41.4365 4.23012
TA.E50A.z -80.7378 46.4232 4.11297
TA.K62A.z -72.2345 42.6651 4.09809
TA.958A.z -81.7543 27.5855 4.05995
TA.J45A.z -86.3889 43.4354 4.10311
TA.857A.z -82.2291 28.267 4.10205
TA.352A.z -84.9274 31.4793 4.03452
TA.I47A.z -84.5096 44.0193 3.98024
TA.H62A.z -71.1559 44.5743 4.03569
TA.Y54A.z -82.688 33.8621 4.0822
TA.I57A.z -75.6599 43.9377 4.0968
TA.V51A.z -84.3511 35.8033 4.06341
TA.KMSC.z -81.3333 35.142 4.08898
TA.150A.z -86.022 32.6067 3.76238
TA.K58A.z -75.6473 42.7633 3.99676
TA.Z52A.z -84.4176 33.1893 4.12069
TA.U49A.z -85.7796 36.5129 4.13343
TA.859A.z -80.8984 28.0592 3.96288
TA.F52A.z -79.3227 45.7951 4.1483
TA.R61A.z -75.339 38.3303 4.06036
TA.F48A.z -82.6185 45.8278 4.13314
TA.453A.z -84.3197 30.8541 4.00904
TA.P57A.z -78.0126 39.4835 4.06617
TA.P47A.z -86.2699 39.4869 3.84843
TA.H65A.z -68.2469 44.6961 4.03716
TA.U53A.z -82.5765 36.3644 4.14102
TA.M61A.z -73.7673 41.3104 4.07665
TA.W48A.z -86.9333 35.1386 3.84013
TA.S52A.z -83.0784 37.6791 4.11102
TA.T46A.z -87.8941 37.0417 3.97894
TA.E47A.z -83.2777 46.4547 4.13826
TA.059Z.z -81.4432 26.3373 4.05645
TA.O52A.z -81.8361 40.1158 4.159
TA.W57A.z -79.9928 35.1529 4.09511
TA.U58A.z -78.5493 36.3944 4.06849
TA.E59A.z -72.5108 46.4803 4.13022
TA.L57A.z -76.8492 42.0005 4.13638
TA.X52A.z -83.8938 34.6032 4.07885
TA.E61A.z -70.489 46.4312 4.1008
TA.G58A.z -74.054 45.1492 4.08049
TA.L47A.z -85.2021 41.9756 4.16077
TA.S59A.z -77.2942 37.762 4.10236
TA.M50A.z -83.0428 41.4035 4.13996
TA.H53A.z -78.5832 44.5736 4.12342
TA.J62A.z -71.8127 43.2262 4.02386
TA.Q47A.z -86.4261 38.9362 4.12715
TA.Q57A.z -78.4107 39.0353 4.04066
TA.R53A.z -81.9522 38.3307 4.08947
TA.N49A.z -84.1825 40.922 4.12697
TA.G43A.z -87.6861 45.2572 3.79189
TA.D49A.z -81.3562 47.2726 4.15964
TA.S44A.z -89.2551 37.6936 3.99264
TA.O45A.z -87.7244 40.2489 4.28167
TA.957A.z -82.2357 27.6702 4.09764
TA.Z51A.z -85.1747 33.3167 4.01955
TA.F51A.z -79.915 45.9284 4.13132
TA.F45A.z -85.5156 45.6837 4.10291
TA.G65A.z -67.5632 45.2002 4.09256
TA.D63A.z -68.1066 47.037 4.07949
TA.SFIN.z -87.0967 40.379 4.17975
TA.656A.z -82.5348 29.3689 4.03117
TA.554A.z -83.6836 30.0841 3.99532
TA.M47A.z -85.6214 41.3594 4.12416
TA.H66A.z -67.3115 44.7859 4.07619
TA.H58A.z -74.1798 44.4176 4.06156
TA.V48A.z -86.8219 35.74 4.05764
TA.Z56A.z -81.3687 33.3253 4.03608
TA.252A.z -84.7357 31.9962 3.97692
TA.154A.z -83.1066 32.6131 4.11381
TA.K54A.z -78.6908 42.6097 4.16927
TA.J49A.z -83.1389 43.36 3.97671
TA.W50A.z -85.3119 35.2002 4.08215
TA.J57A.z -75.9968 43.4099 4.10764
TA.P53A.z -81.3896 39.4868 4.14995
TA.P43A.z -89.5213 39.6409 3.51577
TA.349A.z -87.1924 31.3504 4.02837
TA.G57A.z -74.9855 45.1036 4.06631
TA.X55A.z -81.6336 34.4701 4.06397
TA.M49A.z -83.9752 41.4745 4.19593
TA.059A.z -81.144 26.9671 4.07206
TA.T54A.z -81.5762 37.0608 4.16095
TA.M55A.z -78.7649 41.4686 4.06922
TA.Y60A.z -78.2163 34.0046 4.04909
TA.249A.z -87.1225 31.9752 3.86197
TA.H56A.z -76.2594 44.593 4.05945
TA.M65A.z -70.6466 41.562 4.04443
TA.I59A.z -73.8744 43.7957 4.01745
TA.Q50A.z -83.979 38.8436 4.16734
TA.I61A.z -72.2087 43.9323 4.08744
TA.S47A.z -86.8779 37.5946 4.06792
TA.N62A.z -73.4677 40.9313 4.09737
TA.J48A.z -83.7849 43.2986 4.08755
TA.U54A.z -81.8204 36.5209 4.11114
TA.S57A.z -78.9536 37.7605 4.0168
TA.T53A.z -82.535 36.9823 4.08505
TA.O56A.z -78.5663 40.2683 4.08489
TA.Q48A.z -85.7311 38.9295 4.13028
TA.N56A.z -78.2953 40.9171 4.09148
TA.449A.z -87.2151 30.7596 4.17105
TA.L63A.z -71.6095 41.8631 4.04333
TA.D52A.z -78.4117 46.9764 4.14681
TA.N44A.z -88.1333 40.7953 4.24421
TA.E55A.z -76.0572 46.4538 4.1063
TA.K61A.z -73.2676 42.6695 3.99925
TA.357A.z -81.4855 31.4239 4.09015
TA.J46A.z -85.6466 43.3478 4.07463
TA.S49A.z -85.2875 37.7849 4.09203
TA.X48A.z -87.0452 34.4517 4.01226
TA.Y51A.z -85.064 33.8993 4.11005
TA.W51A.z -84.7599 35.1606 4.06838
TA.N59A.z -75.7703 40.9168 4.11833
TA.254A.z -83.2905 31.9457 4.06438
TA.D59A.z -71.8358 47.0073 4.07793
TA.V54A.z -81.9478 35.7771 4.10365
TA.Q43A.z -89.6991 38.941 4.09843
TA.V46A.z -88.1177 35.8007 4.22356
TA.W60A.z -77.7133 35.0528 4.11155
TA.R57A.z -78.5232 38.297 4.09703
TA.858A.z -81.3616 28.2126 4.03498
TA.Z55A.z -82.1359 33.2211 4.1533
TA.K59A.z -74.8525 42.775 4.02969
TA.Y53A.z -83.5836 33.8554 4.12196
TA.F64A.z -68.3496 45.8633 4.0088
TA.U48A.z -86.5402 36.5107 3.95731
TA.O58A.z -76.9228 40.1231 4.06533
TA.T50A.z -84.8384 37.0204 4.1222
TA.J52A.z -80.4764 43.2407 4.10073
TA.452A.z -85.183 30.8492 4.20182
TA.F49A.z -82.0423 45.7627 4.15301
TA.O61A.z -74.553 40.0934 4.07769
TA.P56A.z -78.8386 39.5044 4.06894
TA.Q61A.z -75.3256 38.8799 4.05433
TA.E42A.z -87.914 46.4301 3.84777
TA.R59A.z -77.1164 38.2005 4.05775
TA.256A.z -81.8878 31.9799 4.16011
TA.158A.z -80.1935 32.7364 4.07697
TA.K46A.z -85.7834 42.6864 4.15604
TA.L42A.z -89.667 42.004 3.69955
TA.K50A.z -82.6231 42.7749 4.1165
TA.W54A.z -82.1859 35.0857 4.08852
TA.S60A.z -76.6535 37.7055 4.12734
TA.L64A.z -70.8391 41.9359 4.03887
TA.L56A.z -77.5591 42.1365 4.09016
TA.E56A.z -75.0341 46.5436 4.13647
TA.M51A.z -82.1831 41.3321 4.11626
TA.E60A.z -71.4469 46.3689 4.07598
TA.X51A.z -84.8574 34.5658 4.07104
TA.I49A.z -82.8246 43.94 4.05328
TA.H52A.z -79.8888 44.6422 4.05384
TA.L48A.z -84.4329 41.9438 4.09534
TA.J63A.z -71.0781 43.2792 4.02036
TA.Q46A.z -87.3575 39.0231 3.6501
TA.R52A.z -82.6443 38.3366 4.11602
TA.Q54A.z -80.8338 38.9836 4.0545
TA.O44A.z -88.4671 40.1526 3.9435
TA.G54A.z -78.0898 45.3979 4.18542
TA.R48A.z -85.8714 38.4001 4.24267
TA.V60A.z -77.2629 35.765 4.11724
TA.N52A.z -81.6876 40.8125 4.12
TA.F46A.z -84.7586 45.7737 4.03744
TA.G60A.z -72.3337 45.0977 3.93954
TA.757A.z -82.0685 28.9413 3.94003
TA.S61A.z -75.6727 37.6804 4.08485
TA.D56A.z -74.7568 47.0485 4.0853
TA.655A.z -83.2552 29.5107 4.0685
TA.G47A.z -83.8551 45.173 4.18061
TA.E51A.z -79.4924 46.5333 4.14918
TA.P49A.z -84.7164 39.5342 4.12081
TA.X60A.z -77.9768 34.5773 4.10032
TA.353A.z -84.2172 31.3474 4.07566
TA.J42A.z -89.1234 43.3179 4.41277
TA.Y55A.z -81.8581 33.9375 4.11957
TA.959A.z -80.8791 27.524 4.03665
TA.H63A.z -70.0353 44.6616 3.96164
TA.M58A.z -76.4603 41.3721 4.08186
TA.I46A.z -85.4472 43.9411 4.05054
TA.W47A.z -87.5946 35.2511 4.07598
TA.V50A.z -85.1 35.6713 4.05491
TA.N55A.z -78.9862 40.7808 4.08739
TA.060A.z -80.3618 27.0361 4.07671
TA.E41A.z -88.9636 46.4643 4.07209
TA.155A.z -82.4665 32.6219 4.15951
TA.F60A.z -71.9514 45.9688 4.11519
TA.K49A.z -83.4556 42.7835 4.10771
TA.060Z.z -80.556 26.4062 4.0283
TA.Z59A.z -79.278 33.2414 4.03892
TA.K55A.z -78.0696 42.7278 4.15899
TA.J56A.z -76.8579 43.276 4.14585
TA.F59A.z -72.7833 45.8513 4.00606
TA.456A.z -82.0223 30.7248 3.99769
TA.T49A.z -85.5334 37.105 4.08078
TA.E58A.z -73.2771 46.3721 4.08254
TA.P52A.z -82.1325 39.6337 4.11264
TA.S53A.z -82.1264 37.6815 4.06917
TA.T57A.z -79.2538 36.9983 4.04693
TA.X46A.z -88.5844 34.5564 4.3208
TA.M56A.z -78.1826 41.4837 4.11275
TA.T47A.z -87.1055 36.9881 4.12536
TA.151A.z -85.3267 32.5269 4.01185
TA.M60A.z -74.625 41.3265 4.05319
TA.251A.z -85.409 32.0929 4.08387
TA.E46A.z -84.3062 46.3665 4.17308
TA.E62A.z -69.5227 46.6201 4.12476
TA.H45A.z -86.044 44.6232 4.06679
TA.I64A.z -69.6347 43.9197 4.00224
TA.K42A.z -89.3457 42.7792 4.22944
TA.W46A.z -88.3783 35.1333 4.18233
TA.O43A.z -89.313 40.2856 3.89237
TA.U59A.z -77.7925 36.3526 4.0684
TA.255A.z -82.4758 31.9263 4.01777
TA.S54A.z -81.3114 37.7997 4.10334
TA.U61A.z -76.4464 36.3319 4.11057
TA.W58A.z -79.2333 35.0208 4.06474
TA.N51A.z -82.3748 40.9183 4.11515
TA.F43A.z -87.1694 45.8313 3.52903
TA.N45A.z -87.5118 40.8479 4.13372
TA.D51A.z -79.3733 47.0904 4.11837
TA.E52A.z -78.6569 46.2851 4.18899
TA.L60A.z -74.2226 41.989 4.02001
TA.S48A.z -86.0569 37.6574 4.07019
TA.350A.z -86.3353 31.4207 4.16058
TA.K60A.z -73.8886 42.6168 3.9573
TA.J47A.z -84.8214 43.2382 4.15078
TA.Y56A.z -81.3047 33.7922 4.00856
TA.X49A.z -86.326 34.5126 3.90863
TA.N58A.z -76.7158 40.8396 4.07829
TA.I45A.z -86.2348 44.0361 4.06974
TA.H48A.z -83.3249 44.7006 4.08568
TA.V57A.z -79.7758 35.8875 4.09737
TA.I51A.z -81.0231 43.8036 4.05326
TA.Y49A.z -86.4119 33.8577 4.20348
TA.R56A.z -79.4031 38.4071 4.01542
TA.O53A.z -81.2129 40.2493 4.11142
TA.G46A.z -84.8621 45.3176 4.11409
TA.Q58A.z -77.682 38.9413 4.06915
TA.D58A.z -72.8826 47.0954 4.09309
TA.152A.z -84.7188 32.6686 4.08353
TA.Z50A.z -85.9226 33.254 4.1171
TA.U47A.z -87.2892 36.4413 4.0566
TA.G64A.z -68.7558 45.2527 4.02669
TA.555A.z -82.9666 30.1212 4.09784
TA.556A.z -82.4057 30.0015 4.06008
TA.D60A.z -70.9237 46.9139 4.04328
TA.P59A.z -76.4327 39.6101 4.11247
TA.M46A.z -86.3524 41.4079 4.1965
TA.P45A.z -87.7439 39.5277 3.9736
TA.I42A.z -88.9134 43.8908 4.46301
TA.U55A.z -81.0472 36.5023 4.07383
TA.M63A.z -72.0464 41.4038 3.98212
TA.E45A.z -85.1774 46.3563 4.06757
TA.R58B.z -77.8787 37.9636 4.07921
TA.R58A.z -78.0034 38.2989 4.08283
TA.K51A.z -81.5082 42.7223 4.14326
TA.T59A.z -77.5541 36.9716 4.05846
TA.O50A.z -83.6199 40.1468 4.16464
TA.U50A.z -84.8431 36.4156 4.1457
TA.058A.z -81.8049 27.0569 4.00113
TA.M48A.z -84.7171 41.4846 4.12031
TA.M52A.z -81.357 41.5405 4.12757
TA.X54A.z -82.3743 34.5474 4.08413
TA.E63A.z -68.422 46.422 4.07903
TA.M64A.z -71.2102 41.5509 4.04835
TA.H55A.z -77.183 44.5505 4.11668
TA.J60A.z -73.4212 43.2438 3.98187
TA.I60A.z -73.2916 43.844 4.04618
TA.W49A.z -86.2645 35.1194 3.99702
TA.Q51A.z -83.3456 39.026 4.10252
TA.R51A.z -83.5834 38.3001 4.15995
TA.N63A.z -72.5206 40.9878 4.0709
TA.O47A.z -86.1742 40.2361 3.88627
TA.S46A.z -87.7153 37.6849 3.88235
TA.O57A.z -77.6354 40.2104 4.08944
TA.S50A.z -84.4003 37.679 4.02341
TA.T52A.z -82.9852 37.1076 4.16181
TA.V61A.z -76.5776 35.7912 4.04381
TA.F57A.z -74.6928 45.8122 4.12245
TA.G63A.z -69.6186 45.1147 4.02884
TA.E64A.z -67.8285 46.4184 3.98883
TA.V58A.z -79.115 35.794 4.08836
TA.758A.z -81.1996 28.9621 4.12863
TA.D55A.z -75.4732 47.019 4.10726
TA.M45A.z -87.2504 41.3881 4.46231
TA.M59A.z -75.4321 41.5413 4.12509
TA.H60A.z -72.6986 44.5606 4.01127
TA.X59A.z -78.6023 34.572 4.04772
TA.I41A.z -89.8697 44.0592 3.51626
TA.I55A.z -77.6817 44.2161 4.14699
TA.F62A.z -69.9664 45.8968 4.11028
TA.N54A.z -79.9892 40.9617 4.04936
TA.156A.z -81.495 32.6542 4.10518
TA.Z54A.z -82.8417 33.2362 4.03258
TA.250A.z -86.2677 31.9778 3.93221
TA.O59A.z -76.1859 40.3114 4.06341
TA.J55A.z -77.8167 43.2657 4.17255
TA.451A.z -85.7467 30.616 3.83143
TA.552A.z -85.2938 30.1327 4.0838
TA.O60A.z -75.405 40.3177 4.05423
TA.G53A.z -78.6237 45.1222 4.11569
TA.P55A.z -79.8265 39.5078 4.00746
TA.Q60A.z -75.8429 39.0016 4.12864
