-80.0311 37.0288 3.59816
-79.6665 33.9057 3.75419
-80.094 34.4643 3.69375
-77.128 41.3372 3.65878
-84.0165 36.3786 3.65826
-87.8571 34.5178 3.56317
-83.5898 31.4389 3.59534
-69.1029 45.703 3.63961
-85.2034 44.5397 3.66825
-70.5809 44.0505 3.66785
-86.7916 32.5983 3.86636
-82.2669 38.9622 3.60708
-75.1 40.8704 3.63025
-80.3778 40.1821 3.59891
-80.5013 37.7724 3.61154
-80.3829 36.3472 3.6539
-78.443 35.1673 3.68613
-86.7352 40.8949 3.57796
-82.8124 35.6694 3.66144
-70.0528 42.0295 3.7611
-74.1471 46.4117 3.66979
-85.6499 34.4611 3.50704
-82.8518 31.3438 3.66564
-78.4368 42.1831 3.63212
-83.7022 44.1873 3.63123
-87.5205 35.8278 3.53855
-83.7672 42.1088 3.65986
-75.6358 39.8113 3.70862
-80.177 44.068 3.74182
-80.0812 38.9952 3.65503
-80.1195 38.2825 3.62308
-89.1816 45.2118 3.66402
-85.1714 38.2916 3.6757
-76.7187 45.2532 3.69259
-88.1773 36.359 3.85689
-83.5713 33.2801 3.71817
-83.8316 32.6499 3.71144
-76.5807 38.2684 3.72319
-70.1868 47.2022 3.63671
-81.7291 30.016 3.94889
-77.3005 39.4891 3.67295
-69.2203 44.6412 3.69402
-77.1596 36.4718 3.71028
-78.8737 33.9897 3.70268
-84.1197 42.8032 3.62792
-70.9921 45.9743 3.61854
-84.3353 40.188 3.60766
-80.907 25.8657 3.73375
-77.3244 42.6981 3.62236
-79.8129 33.3349 3.70907
-73.8145 45.8663 3.71732
-83.9277 35.0935 3.64542
-74.5041 43.4647 3.68841
-83.026 30.7422 3.7033
-83.0601 39.4818 3.63007
-76.6548 38.8644 3.69308
-73.2771 46.3721 3.68041
-83.3013 34.5031 3.71619
-80.675 41.4393 3.63578
-82.8095 42.043 3.7094
-73.1809 45.0807 3.67199
-76.7349 37.1397 3.76521
-78.0511 37.6126 3.7049
-86.2955 42.0127 3.78352
-72.5535 43.3462 3.69709
-85.0271 40.8591 3.67162
-88.5311 44.5091 3.61234
-79.1871 39.041 3.64178
-84.3274 38.2816 3.59323
-88.5804 37.6774 3.59476
-81.8072 47.1743 3.77596
-83.5935 37.6392 3.69014
-83.9454 36.9655 3.74113
-87.1696 33.9131 3.83681
-83.1486 40.7711 3.6303
-73.5543 42.1934 3.67238
-77.6638 46.3784 3.65256
-72.6802 42.4498 3.71305
-79.8412 47.1668 3.77622
-85.6036 31.2753 3.77156
-75.0426 42.1902 3.64909
-84.0357 46.891 3.76542
-80.3915 34.017 3.69857
-71.5283 42.6888 3.75345
-80.4963 35.8097 3.67196
-89.1735 40.9394 3.56332
-80.9972 32.678 3.68892
-84.1294 32.0612 3.61341
-80.7039 33.297 3.67768
-78.6392 43.2728 3.70445
-81.0523 24.7266 3.82373
-84.4317 30.189 3.8422
-86.5863 30.8038 3.65752
-84.0626 33.864 3.63449
-80.4796 39.602 3.61505
-86.5311 33.1942 3.71798
-83.3671 36.3929 3.59988
-88.6447 37.0196 4.0398
-72.8939 41.4423 3.72293
-85.9214 46.6199 3.67486
-78.5338 36.9454 3.75615
-82.6056 40.147 3.64221
-80.7139 42.7805 3.67614
-80.5828 35.135 3.65617
-83.5959 35.8417 3.66627
-84.8956 39.005 3.67453
-85.6942 40.8801 3.76152
-72.6617 42.0328 3.72723
-77.1869 46.4339 3.68754
-77.7001 47.0795 3.70802
-79.3162 42.2345 3.62874
-82.1275 31.3247 3.67864
-85.7347 33.8911 3.61341
-74.7919 39.6734 3.77409
-79.5912 43.8238 3.66127
-80.9904 38.1809 3.62845
-81.2149 35.8518 3.63503
-76.9909 35.1773 3.79707
-81.5563 30.6199 3.79402
-75.957 35.5612 3.73628
-69.0501 47.0819 3.69694
-81.8665 29.5852 3.70276
-70.5319 45.2186 3.64101
-76.657 47.152 3.70396
-86.3943 37.1094 3.7155
-88.0432 41.3882 3.77274
-79.3388 34.5548 3.7077
-71.9271 44.5339 3.69278
-77.5509 40.7556 3.68915
-73.6905 44.6455 3.70771
-86.9954 46.3758 3.75002
-85.1553 40.2571 3.74003
-84.9993 42.6704 3.66789
-81.0261 31.9746 3.77144
-76.5163 42.7313 3.64799
-83.6302 30.7145 3.65529
-83.163 35.1696 3.70729
-75.2852 43.3603 3.67699
-81.2578 29.422 3.75269
-83.7988 39.6086 3.62967
-79.6647 41.5079 3.63762
-80.2598 41.9539 3.6353
-81.0319 34.4923 3.72106
-70.1353 41.259 3.76228
-88.7423 42.1833 3.72038
-80.7843 37.117 3.5914
-74.9733 43.6901 3.68443
-75.3905 44.4624 3.66816
-75.8502 42.0447 3.6307
-71.3359 43.8743 3.73255
-84.2062 44.5994 3.68283
-82.1653 46.4809 3.71021
-87.571 32.6469 3.86118
-81.5251 38.8586 3.6313
-75.6727 37.6804 3.75376
-74.2969 40.7519 3.67327
-79.3041 40.2076 3.64354
-79.5662 37.6771 3.63518
-79.3364 36.4319 3.6983
-76.351 45.8338 3.72211
-89.1046 45.7387 3.57537
-71.5273 45.2827 3.63736
-80.8377 40.8065 3.5898
-73.8878 47.0172 3.69649
-83.1038 47.0558 3.77897
-85.4258 39.4605 3.73751
-88.9581 41.4365 3.52289
-80.7378 46.4232 3.70284
-72.2345 42.6651 3.78373
-81.7543 27.5855 3.66188
-86.3889 43.4354 3.74657
-82.2291 28.267 3.65317
-84.9274 31.4793 3.75473
-84.5096 44.0193 3.67111
-71.1559 44.5743 3.64457
-82.688 33.8621 3.69795
-75.6599 43.9377 3.71086
-84.3511 35.8033 3.64953
-81.3333 35.142 3.67661
-86.022 32.6067 3.60408
-75.6473 42.7633 3.6331
-84.4176 33.1893 3.57596
-85.7796 36.5129 3.90739
-80.8984 28.0592 3.77425
-79.3227 45.7951 3.6732
-75.339 38.3303 3.77035
-82.6185 45.8278 3.69894
-84.3197 30.8541 3.66214
-78.0126 39.4835 3.64075
-86.2699 39.4869 3.66904
-68.2469 44.6961 3.72102
-82.5765 36.3644 3.68124
-73.7673 41.3104 3.67903
-84.8384 37.0204 3.6279
-83.0784 37.6791 3.63648
-87.8941 37.0417 3.87845
-83.2777 46.4547 3.69404
-88.332 42.7044 3.72972
-87.5946 35.2511 3.73504
-81.8361 40.1158 3.65289
-79.9928 35.1529 3.71659
-78.5493 36.3944 3.73657
-72.5108 46.4803 3.67678
-86.4119 33.8577 3.69896
-83.8938 34.6032 3.60524
-70.489 46.4312 3.60928
-74.054 45.1492 3.68953
-85.2021 41.9756 3.76462
-77.2942 37.762 3.67673
-83.0428 41.4035 3.6342
-78.5832 44.5736 3.68701
-71.8127 43.2262 3.71218
-87.7704 44.4697 3.54236
-86.4261 38.9362 3.60899
-78.4107 39.0353 3.61925
-81.9522 38.3307 3.60019
-84.1825 40.922 3.6487
-81.3562 47.2726 3.7608
-78.6237 45.1222 3.70818
-87.7244 40.2489 3.61165
-82.2357 27.6702 3.93047
-85.1747 33.3167 3.72123
-79.915 45.9284 3.67846
-85.5156 45.6837 3.79888
-67.5632 45.2002 3.73325
-68.1066 47.037 3.72273
-87.0967 40.379 3.56523
-82.5348 29.3689 3.74978
-83.6836 30.0841 3.57745
-88.6209 39.4676 3.73474
-85.6214 41.3594 3.73627
-67.3115 44.7859 3.77077
-74.1798 44.4176 3.72553
-88.146 43.8844 3.66975
-86.8219 35.74 3.74943
-81.3687 33.3253 3.72361
-84.7357 31.9962 3.80342
-83.1066 32.6131 3.64546
-78.6908 42.6097 3.65678
-83.1389 43.36 3.73514
-85.3119 35.2002 3.65148
-75.9968 43.4099 3.68294
-81.3896 39.4868 3.64103
-89.5213 39.6409 3.83918
-87.1924 31.3504 4.29218
-74.9855 45.1036 3.67273
-81.6336 34.4701 3.66863
-83.9752 41.4745 3.62925
-81.144 26.9671 3.82111
-81.5762 37.0608 3.60421
-87.9119 42.1782 3.70502
-78.7649 41.4686 3.63865
-78.2163 34.0046 3.79518
-87.1225 31.9752 3.9827
-76.2594 44.593 3.65552
-70.6466 41.562 3.81484
-81.4432 26.3373 3.71617
-83.979 38.8436 3.68996
-72.2087 43.9323 3.76049
-86.8779 37.5946 3.66093
-73.4677 40.9313 3.77047
-83.7849 43.2986 3.67628
-81.8204 36.5209 3.627
-78.9536 37.7605 3.62228
-82.535 36.9823 3.67412
-78.5663 40.2683 3.71902
-85.7311 38.9295 3.69948
-78.2953 40.9171 3.6821
-88.1347 45.7587 3.80512
-87.2151 30.7596 3.8113
-71.6095 41.8631 3.71331
-78.4117 46.9764 3.69249
-76.0572 46.4538 3.67786
-73.2676 42.6695 3.64255
-81.4855 31.4239 3.77557
-85.6466 43.3478 3.66912
-85.2875 37.7849 3.7425
-87.0452 34.4517 3.80676
-85.064 33.8993 3.87147
-85.5334 37.105 3.79419
-75.7703 40.9168 3.60543
-83.2905 31.9457 3.66985
-71.8358 47.0073 3.69694
-81.9478 35.7771 3.67644
-89.6991 38.941 3.71466
-85.903 35.7663 3.7369
-77.7133 35.0528 3.67044
-78.5232 38.297 3.64204
-81.3616 28.2126 3.81079
-82.1359 33.2211 3.70744
-74.8525 42.775 3.64718
-83.5836 33.8554 3.71327
-68.3496 45.8633 3.67865
-86.5402 36.5107 3.75852
-76.9228 40.1231 3.6592
-86.9333 35.1386 3.62868
-80.4764 43.2407 3.7468
-82.0423 45.7627 3.75985
-74.553 40.0934 3.71231
-78.8386 39.5044 3.62775
-75.3256 38.8799 3.73408
-87.914 46.4301 3.99987
-77.1164 38.2005 3.72117
-81.8878 31.9799 3.73353
-80.1935 32.7364 3.79326
-88.2812 38.2926 3.55261
-85.7834 42.6864 3.74884
-82.6231 42.7749 3.67079
-82.1859 35.0857 3.74043
-76.6535 37.7055 3.76693
-70.8391 41.9359 3.76646
-77.5591 42.1365 3.66766
-75.0341 46.5436 3.68298
-82.1831 41.3321 3.66116
-71.4469 46.3689 3.60823
-84.8574 34.5658 3.79527
-82.8246 43.94 3.7551
-79.8888 44.6422 3.83428
-84.4329 41.9438 3.65103
-71.0781 43.2792 3.73705
-82.6443 38.3366 3.59626
-88.4277 45.2418 3.67488
-80.8338 38.9836 3.62072
-88.4671 40.1526 3.62131
-78.0898 45.3979 3.6679
-85.8714 38.4001 3.70602
-77.2629 35.765 3.7225
-81.6876 40.8125 3.6042
-84.7586 45.7737 3.54831
-72.3337 45.0977 3.64724
-82.0685 28.9413 3.90749
-78.2394 35.7649 3.75032
-74.7568 47.0485 3.69589
-83.2552 29.5107 3.66927
-83.8551 45.173 3.65556
-79.4924 46.5333 3.68723
-84.7164 39.5342 3.74506
-77.9768 34.5773 3.75584
-84.2172 31.3474 3.62524
-89.1234 43.3179 3.55303
-89.7581 41.4546 3.80758
-81.8581 33.9375 3.79043
-80.8791 27.524 3.62596
-70.0353 44.6616 3.62701
-76.4603 41.3721 3.66377
-85.4472 43.9411 3.64262
-85.1 35.6713 3.61326
-78.9862 40.7808 3.64433
-80.3618 27.0361 3.89344
-88.9636 46.4643 3.78601
-82.4665 32.6219 3.67818
-71.9514 45.9688 3.62298
-87.5114 38.2124 3.68889
-83.4556 42.7835 3.6804
-80.556 26.4062 3.79876
-79.278 33.2414 3.77041
-78.0696 42.7278 3.6215
-76.8579 43.276 3.68829
-72.7833 45.8513 3.66367
-82.0223 30.7248 3.72794
-84.7599 35.1606 3.59004
-85.6571 45.0404 3.77032
-82.1325 39.6337 3.64484
-82.1264 37.6815 3.64339
-79.2538 36.9983 3.6561
-88.5844 34.5564 3.7008
-78.1826 41.4837 3.62054
-87.1055 36.9881 3.85524
-85.3267 32.5269 3.66162
-74.625 41.3265 3.6616
-85.409 32.0929 3.81802
-84.3062 46.3665 3.73124
-69.5227 46.6201 3.62199
-86.044 44.6232 3.78825
-69.6347 43.9197 3.75048
-89.3457 42.7792 3.63822
-88.3783 35.1333 4.21344
-89.313 40.2856 3.67923
-77.7925 36.3526 3.70898
-73.8744 43.7957 3.70135
-82.4758 31.9263 3.68951
-81.3114 37.7997 3.59125
-76.4464 36.3319 3.70342
-79.2333 35.0208 3.7337
-82.3748 40.9183 3.62053
-87.1694 45.8313 3.59818
-87.5118 40.8479 3.77945
-79.3733 47.0904 3.75445
-78.6569 46.2851 3.6616
-74.2226 41.989 3.64877
-67.8285 46.4184 3.63041
-73.8886 42.6168 3.64738
-84.8214 43.2382 3.65061
-81.3047 33.7922 3.77554
-86.326 34.5126 3.63611
-76.7158 40.8396 3.66662
-86.2348 44.0361 3.75046
-83.3249 44.7006 3.71972
-79.7758 35.8875 3.66791
-81.0231 43.8036 3.67197
-76.8492 42.0005 3.64492
-79.4031 38.4071 3.66031
-81.2129 40.2493 3.612
-84.8621 45.3176 3.6597
-77.682 38.9413 3.72774
-72.8826 47.0954 3.68335
-84.7188 32.6686 3.71536
-85.9226 33.254 3.74887
-87.2892 36.4413 3.57509
-68.7558 45.2527 3.67095
-82.9666 30.1212 3.59015
-82.4057 30.0015 4.23784
-70.9237 46.9139 3.64259
-76.4327 39.6101 3.66586
-87.7439 39.5277 3.50377
-88.9134 43.8908 3.5443
-81.0472 36.5023 3.60816
-72.0464 41.4038 3.72622
-77.8787 37.9636 3.73717
-78.0034 38.2989 3.68489
-81.5082 42.7223 3.64339
-77.5541 36.9716 3.74617
-83.6199 40.1468 3.61604
-84.8431 36.4156 3.75511
-81.8049 27.0569 3.83069
-84.7171 41.4846 3.65584
-81.357 41.5405 3.6252
-82.3743 34.5474 3.71894
-68.422 46.422 3.64424
-71.2102 41.5509 3.74366
-77.183 44.5505 3.66118
-89.6534 44.6164 3.91192
-73.4212 43.2438 3.67132
-73.2916 43.844 3.73012
-86.2645 35.1194 3.7601
-88.1565 38.8948 3.74183
-83.3456 39.026 3.63726
-83.5834 38.3001 3.64279
-72.5206 40.9878 3.83465
-86.1742 40.2361 3.5148
-87.7153 37.6849 3.77486
-77.6354 40.2104 3.66318
-84.4003 37.679 3.80705
-82.9852 37.1076 3.69758
-76.5776 35.7912 3.67336
-74.6928 45.8122 3.67008
-69.6186 45.1147 3.63491
-86.0569 37.6574 3.76478
-79.115 35.794 3.75786
-88.1177 35.8007 3.81727
-81.1996 28.9621 3.71677
-75.4732 47.019 3.66494
-87.2504 41.3881 3.61562
-88.4185 43.3808 3.64856
-75.4321 41.5413 3.64264
-72.6986 44.5606 3.6348
-78.6023 34.572 3.70739
-89.8697 44.0592 3.6817
-77.6817 44.2161 3.67955
-69.9664 45.8968 3.64721
-79.9892 40.9617 3.64109
-81.495 32.6542 3.75647
-82.8417 33.2362 3.74992
-86.2677 31.9778 3.51841
-76.1859 40.3114 3.62723
-77.8167 43.2657 3.7147
-85.7467 30.616 3.94649
-85.2938 30.1327 3.67154
-75.405 40.3177 3.65881
-79.8265 39.5078 3.60283
-75.8429 39.0016 3.67055
